3828287646.229,8.906,10.917,2.089,3.182,20.376,21.058,21.368,20.066,18.315,17.485,12.601,16.482
3828287647.229,8.760,10.822,2.478,0.000,20.351,21.081,21.400,20.059,18.342,17.493,12.590,16.434
3828287648.229,8.449,9.954,3.127,0.000,20.355,21.084,21.406,20.076,18.327,17.557,12.573,16.452
3828287649.229,14.762,10.486,2.429,0.000,20.387,21.098,21.402,20.080,18.310,17.545,12.578,16.469
3828287650.229,7.848,10.990,1.229,0.000,20.348,21.053,21.383,20.096,18.337,17.544,12.557,16.430
3828287651.229,5.085,10.982,1.677,0.000,20.377,21.050,21.355,20.096,18.349,17.573,12.547,16.441
3828287652.229,8.243,10.512,1.971,0.000,20.364,21.068,21.363,20.048,18.316,17.556,12.503,16.458
3828287653.229,8.897,10.699,2.134,0.000,20.369,21.030,21.357,20.070,18.366,17.557,12.494,16.436
3828287654.229,8.958,11.634,3.710,0.000,20.351,21.056,21.327,20.042,18.357,17.560,12.516,16.439
3828287655.229,8.933,10.863,2.554,0.000,20.363,21.082,21.370,20.208,18.367,17.546,12.538,16.391
3828287710.557,8.665,10.990,2.051,3.182,20.432,21.074,21.361,20.059,18.220,17.529,12.547,16.477
3828287711.557,8.436,11.804,2.620,0.000,20.376,21.065,21.331,20.085,18.237,17.553,12.538,16.516
3828287712.557,8.422,10.437,5.500,0.000,20.378,21.117,21.341,20.000,18.221,17.516,12.551,16.498
3828287713.557,9.538,10.527,3.601,0.000,20.402,21.094,21.338,20.141,18.206,17.513,12.542,16.511
3828287714.557,7.734,10.602,2.781,0.000,20.352,21.082,21.360,20.066,18.194,17.520,12.522,16.463
3828287715.557,9.761,10.344,0.712,0.000,20.377,21.063,21.346,20.121,18.201,17.518,12.515,16.426
3828287716.557,8.757,10.952,2.350,0.000,20.394,21.055,21.329,20.028,18.191,17.538,12.524,16.393
3828287717.557,8.136,10.614,2.024,0.000,20.375,21.104,21.333,20.107,18.229,17.516,12.521,16.406
3828287718.557,8.297,9.893,2.007,0.000,20.379,21.125,21.340,20.059,18.227,17.508,12.495,16.417
3828287719.557,8.251,10.509,0.000,0.000,20.350,21.112,21.349,20.132,18.228,17.484,12.482,16.396
3828287720.613,9.624,10.543,2.911,3.182,20.276,21.047,21.355,20.041,18.367,17.518,12.455,16.326
3828287721.613,8.610,10.900,3.704,0.000,20.300,21.065,21.340,19.979,18.370,17.511,12.464,16.295
3828287722.613,8.729,10.948,2.486,0.000,20.351,21.029,21.360,19.961,18.358,17.521,12.467,16.276
3828287723.613,8.074,10.484,2.800,0.000,20.320,21.017,21.340,19.970,18.349,17.509,12.454,16.252
3828287724.613,9.934,10.898,2.494,0.000,20.337,21.028,21.345,20.085,18.356,17.491,12.464,16.255
3828287725.613,12.514,11.161,3.333,0.000,20.363,20.994,21.323,20.058,18.361,17.504,12.459,16.277
3828287726.613,7.829,10.568,0.565,0.000,20.337,20.987,21.325,20.010,18.330,17.503,12.437,16.247
3828287727.613,7.758,10.512,2.661,0.000,20.394,21.002,21.349,19.982,18.353,17.501,12.474,16.279
3828287728.613,9.743,11.322,1.944,0.000,20.380,21.046,21.317,20.016,18.325,17.474,12.442,16.304
3828287729.613,7.472,10.691,1.815,0.000,20.376,21.035,21.358,20.041,18.345,17.460,12.442,16.275
3828287730.588,8.273,11.463,2.447,3.182,20.383,21.035,21.337,20.105,18.347,17.474,12.423,16.326
3828287731.588,8.699,10.549,1.917,0.000,20.369,21.072,21.330,20.063,18.365,17.487,12.451,16.310
3828287732.588,8.672,10.543,2.999,0.000,20.368,21.045,21.335,20.024,18.376,17.478,12.436,16.324
3828287733.588,8.499,10.116,3.328,0.000,20.350,21.029,21.312,20.081,18.365,17.472,12.409,16.345
3828287734.588,7.799,10.552,3.381,0.000,20.381,21.038,21.357,20.084,18.367,17.458,12.409,16.292
3828287735.588,8.272,10.705,2.424,0.000,20.371,21.018,21.333,20.052,18.382,17.489,12.392,16.279
3828287736.588,8.514,10.328,2.540,0.000,20.398,21.021,21.313,20.070,18.378,17.515,12.412,16.290
3828287737.588,7.764,10.688,2.538,0.000,20.376,21.015,21.344,20.092,18.370,17.469,12.434,16.307
3828287738.588,8.567,7.915,2.072,0.000,20.396,21.006,21.346,20.009,18.358,17.476,12.415,16.296
3828287739.588,7.596,10.084,3.695,0.000,20.390,20.996,21.325,19.960,18.355,17.502,12.410,16.304
3828287740.589,8.788,10.818,1.662,3.182,20.336,20.989,21.327,19.916,18.335,17.454,12.393,16.319
3828287741.589,8.246,10.628,2.509,0.000,20.351,20.977,21.336,19.979,18.337,17.474,12.396,16.308
3828287742.589,8.808,10.500,2.597,0.000,20.334,20.981,21.303,20.013,18.332,17.450,12.416,16.269
3828287743.589,9.997,12.033,1.701,0.000,20.330,21.036,21.319,19.963,18.350,17.473,12.400,16.289
3828287744.589,5.122,10.432,2.178,0.000,20.368,21.052,21.334,19.940,18.356,17.458,12.391,16.300
3828287745.589,9.036,9.857,2.080,0.000,20.361,21.040,21.325,19.903,18.333,17.444,12.409,16.275
3828287746.589,7.794,10.609,1.351,0.000,20.389,21.015,21.360,20.026,18.312,17.424,12.397,16.268
3828287747.589,8.814,10.492,2.338,0.000,20.363,21.012,21.326,19.963,18.320,17.457,12.401,16.251
3828287748.589,8.760,11.114,1.070,0.000,20.362,20.991,21.310,20.054,18.311,17.452,12.376,16.212
3828287749.589,7.819,10.107,4.293,0.000,20.366,21.022,21.345,20.003,18.315,17.427,12.372,16.213
3828287750.606,8.054,10.239,3.732,3.182,20.352,20.995,21.319,20.082,18.264,17.463,12.352,16.284
3828287751.606,7.943,10.925,1.760,0.000,20.352,20.979,21.344,20.122,18.235,17.451,12.344,16.295
3828287752.606,7.908,10.354,3.981,0.000,20.391,20.974,21.319,20.065,18.258,17.472,12.379,16.294
3828287753.606,8.124,10.924,1.969,0.000,20.404,20.969,21.320,20.044,18.264,17.473,12.393,16.282
3828287754.606,6.905,10.495,2.530,0.000,20.390,20.967,21.330,20.047,18.263,17.452,12.389,16.273
3828287755.606,9.513,10.517,0.298,0.000,20.360,20.958,21.321,20.086,18.288,17.452,12.363,16.277
3828287756.606,5.440,10.913,2.444,0.000,20.392,20.958,21.335,20.098,18.288,17.448,12.376,16.252
3828287757.606,8.255,10.884,1.617,0.000,20.367,20.953,21.319,20.092,18.295,17.434,12.373,16.244
3828287758.606,7.978,10.394,2.553,0.000,20.343,21.016,21.292,20.085,18.305,17.424,12.361,16.287
3828287759.606,8.749,10.648,3.098,0.000,20.375,20.989,21.328,20.094,18.299,17.441,12.365,16.244
3828287760.603,8.981,10.812,2.462,3.182,20.362,21.027,21.334,19.887,18.203,17.424,12.404,16.235
3828287761.603,7.771,11.232,1.494,0.000,20.331,21.046,21.288,20.020,18.201,17.432,12.396,16.236
3828287762.603,9.013,10.907,2.552,0.000,20.339,21.044,21.291,20.002,18.186,17.390,12.385,16.241
3828287763.603,9.000,10.902,2.595,0.000,20.326,21.071,21.301,19.944,18.185,17.415,12.421,16.283
3828287764.603,7.995,10.585,1.244,0.000,20.369,21.049,21.295,19.979,18.187,17.408,12.419,16.274
3828287765.603,8.469,10.905,2.064,0.000,20.337,21.061,21.279,19.933,18.192,17.429,12.390,16.256
3828287766.603,9.059,10.565,3.109,0.000,20.352,21.028,21.280,19.990,18.206,17.453,12.379,16.218
3828287767.603,9.405,12.094,1.409,0.000,20.363,21.023,21.305,19.997,18.188,17.484,12.355,16.221
3828287768.603,9.202,9.656,1.205,0.000,20.335,21.006,21.325,20.008,18.199,17.487,12.382,16.238
3828287769.603,9.327,11.474,1.986,0.000,20.342,21.026,21.343,19.938,18.212,17.464,12.386,16.255
3828287770.633,8.770,10.746,1.997,3.182,20.335,21.015,21.315,20.019,18.167,17.397,12.389,16.231
3828287771.633,8.093,10.774,2.550,0.000,20.353,21.042,21.312,20.050,18.173,17.352,12.406,16.269
3828287772.633,7.820,10.217,4.084,0.000,20.367,21.041,21.284,20.004,18.173,17.381,12.404,16.225
3828287773.633,9.376,12.036,2.360,0.000,20.350,21.023,21.240,20.103,18.183,17.411,12.427,16.217
3828287774.633,8.087,10.477,0.000,0.000,20.337,21.028,21.271,20.102,18.186,17.384,12.366,16.242
3828287775.633,9.732,12.073,1.557,0.000,20.342,20.996,21.281,20.091,18.190,17.420,12.393,16.212
3828287776.633,8.351,12.326,3.356,0.000,20.329,21.002,21.284,20.050,18.187,17.422,12.397,16.230
3828287777.633,7.774,10.796,5.232,0.000,20.342,21.004,21.298,20.086,18.192,17.441,12.402,16.256
3828287778.633,8.660,10.776,2.158,0.000,20.378,21.032,21.316,20.071,18.186,17.453,12.420,16.227
3828287779.633,9.749,10.834,1.946,0.000,20.370,21.030,21.280,20.076,18.199,17.466,12.380,16.268
3828287780.664,7.901,10.886,0.825,3.182,20.284,21.001,21.316,20.018,18.282,17.390,12.403,16.148
3828287781.664,8.215,11.010,2.453,0.000,20.253,21.002,21.302,20.059,18.255,17.350,12.380,16.186
3828287782.664,8.391,10.818,2.618,0.000,20.274,20.976,21.371,20.086,18.210,17.339,12.397,16.170
3828287783.664,9.383,10.952,3.398,0.000,20.283,20.982,21.350,20.072,18.210,17.366,12.407,16.140
3828287784.664,8.927,12.299,3.639,0.000,20.301,20.993,21.319,20.165,18.216,17.362,12.405,16.173
3828287785.664,7.969,10.109,1.610,0.000,20.315,21.014,21.315,20.139,18.192,17.368,12.380,16.192
3828287786.664,8.668,10.799,2.608,0.000,20.322,21.011,21.336,20.172,18.217,17.361,12.404,16.197
3828287787.664,5.389,10.776,1.917,0.000,20.281,20.994,21.325,20.153,18.203,17.399,12.386,16.194
3828287788.664,8.736,10.700,2.697,0.000,20.301,21.014,21.302,20.161,18.204,17.416,12.375,16.212
3828287789.664,8.350,10.107,1.712,0.000,20.294,21.003,21.322,20.051,18.207,17.377,12.358,16.183
3828287790.651,9.422,10.573,1.681,3.182,20.308,21.046,21.334,20.103,18.112,17.312,12.407,16.182
3828287791.651,8.125,10.869,1.666,0.000,20.320,21.058,21.337,20.033,18.115,17.304,12.408,16.216
3828287792.651,7.311,11.075,2.054,0.000,20.353,21.065,21.330,20.040,18.073,17.306,12.462,16.222
3828287793.651,8.716,10.981,1.733,0.000,20.301,21.054,21.308,20.066,18.111,17.347,12.436,16.222
3828287794.651,9.901,10.836,0.457,0.000,20.322,21.043,21.302,20.073,18.088,17.381,12.430,16.197
3828287795.651,8.672,10.694,1.870,0.000,20.314,21.018,21.317,20.044,18.072,17.352,12.465,16.200
3828287796.651,9.166,10.875,1.450,0.000,20.308,21.042,21.319,20.003,18.026,17.372,12.441,16.222
3828287797.651,9.762,10.917,1.026,0.000,20.331,21.032,21.309,20.011,18.036,17.346,12.442,16.255
3828287798.651,8.421,11.500,5.247,0.000,20.319,21.035,21.323,20.045,18.055,17.384,12.447,16.262
3828287799.651,8.194,11.482,1.961,0.000,20.307,21.029,21.319,20.050,18.058,17.362,12.436,16.247
3828287800.639,6.788,10.801,1.958,3.182,20.272,20.964,21.318,20.028,18.294,17.332,12.458,16.141
3828287801.639,8.736,9.868,1.876,0.000,20.249,21.028,21.317,20.044,18.270,17.362,12.469,16.176
3828287802.639,7.763,11.209,1.819,0.000,20.281,20.985,21.331,20.066,18.191,17.382,12.475,16.183
3828287803.639,9.385,10.768,1.805,0.000,20.286,20.966,21.284,20.088,18.197,17.358,12.474,16.165
3828287804.639,8.936,10.789,2.473,0.000,20.291,20.947,21.311,20.185,18.205,17.377,12.481,16.152
3828287805.639,9.041,10.897,2.774,0.000,20.255,20.978,21.327,20.090,18.198,17.368,12.453,16.204
3828287806.639,8.582,10.853,2.545,0.000,20.270,20.991,21.311,20.061,18.171,17.373,12.485,16.224
3828287807.639,8.129,10.209,1.854,0.000,20.272,20.959,21.309,20.069,18.192,17.382,12.430,16.221
3828287808.639,8.171,10.289,0.000,0.000,20.299,20.954,21.312,20.052,18.203,17.363,12.435,16.206
3828287809.639,9.127,10.811,2.952,0.000,20.313,20.957,21.328,20.053,18.187,17.344,12.446,16.185
3828287810.647,8.193,10.358,5.052,3.182,20.285,20.981,21.315,20.109,18.227,17.341,12.489,16.158
3828287811.647,7.734,10.800,2.948,0.000,20.285,20.986,21.341,20.071,18.172,17.364,12.505,16.193
3828287812.647,8.312,9.515,2.721,0.000,20.255,20.980,21.293,20.095,18.192,17.395,12.470,16.202
3828287813.647,9.193,10.838,1.882,0.000,20.247,20.984,21.327,20.053,18.179,17.357,12.432,16.194
3828287814.647,8.089,10.861,1.724,0.000,20.274,20.999,21.316,20.011,18.156,17.364,12.439,16.228
3828287815.647,7.935,10.806,2.719,0.000,20.329,20.962,21.297,20.027,18.161,17.397,12.492,16.183
3828287816.647,9.412,9.534,0.008,0.000,20.263,20.984,21.341,20.045,18.128,17.373,12.488,16.208
3828287817.647,9.307,10.909,2.102,0.000,20.306,20.980,21.342,20.035,18.140,17.381,12.529,16.233
3828287818.647,8.265,10.535,0.000,0.000,20.279,20.994,21.389,20.033,18.154,17.340,12.474,16.204
3828287819.647,8.233,10.711,1.407,0.000,20.292,21.001,21.387,19.986,18.127,17.327,12.521,16.217
3828287820.680,7.892,10.660,5.246,3.182,20.311,20.985,21.318,19.979,18.051,17.369,12.547,16.233
3828287821.680,9.114,10.509,2.307,0.000,20.296,21.015,21.334,19.978,18.047,17.358,12.544,16.282
3828287822.680,8.833,10.675,1.605,0.000,20.342,20.986,21.352,19.953,18.072,17.346,12.553,16.329
3828287823.680,9.324,10.532,2.918,0.000,20.367,21.005,21.292,19.934,18.032,17.349,12.574,16.305
3828287824.680,9.708,12.559,1.945,0.000,20.402,20.963,21.310,19.932,18.044,17.374,12.586,16.234
3828287825.680,8.405,10.778,0.000,0.000,20.350,20.966,21.305,19.902,18.051,17.362,12.535,16.277
3828287826.680,8.902,10.765,3.203,0.000,20.321,20.965,21.311,19.940,18.081,17.337,12.600,16.273
3828287827.680,7.625,10.605,2.800,0.000,20.333,20.970,21.296,19.987,18.086,17.360,12.627,16.268
3828287828.680,8.218,10.147,2.543,0.000,20.345,20.963,21.273,19.923,18.062,17.368,12.657,16.252
3828287829.680,7.659,10.407,1.382,0.000,20.315,20.980,21.304,20.062,18.108,17.341,12.664,16.247
3828287830.699,9.510,9.779,0.245,3.182,20.349,21.026,21.305,20.006,18.059,17.361,12.610,16.270
3828287831.699,8.420,10.573,3.261,0.000,20.312,20.993,21.265,20.024,18.021,17.350,12.614,16.267
3828287832.699,8.121,10.789,3.413,0.000,20.327,21.001,21.276,20.070,18.052,17.376,12.607,16.320
3828287833.699,8.080,11.247,1.309,0.000,20.350,20.991,21.292,20.013,18.070,17.380,12.629,16.307
3828287834.699,9.518,10.223,2.206,0.000,20.338,20.960,21.289,20.056,18.029,17.359,12.626,16.280
3828287835.699,9.013,11.152,2.103,0.000,20.401,20.975,21.265,20.006,18.074,17.379,12.634,16.283
3828287836.699,11.387,10.811,1.859,0.000,20.322,20.952,21.314,19.937,18.079,17.375,12.660,16.293
3828287837.699,8.144,10.822,4.205,0.000,20.348,20.941,21.300,19.955,18.086,17.360,12.653,16.266
3828287838.699,7.915,10.299,3.077,0.000,20.339,20.989,21.288,20.018,18.079,17.367,12.698,16.243
3828287839.699,5.242,10.902,2.576,0.000,20.326,20.976,21.279,20.024,18.139,17.396,12.709,16.235
3828287840.729,7.268,10.574,2.880,3.182,20.320,21.008,21.264,20.007,18.167,17.423,12.683,16.254
3828287841.729,8.549,10.710,1.757,0.000,20.311,20.985,21.276,19.946,18.155,17.420,12.680,16.291
3828287842.729,9.734,10.147,1.666,0.000,20.308,20.946,21.286,20.001,18.144,17.440,12.671,16.277
3828287843.729,8.660,10.035,1.616,0.000,20.322,20.965,21.283,19.984,18.203,17.396,12.704,16.265
3828287844.729,7.128,10.577,2.318,0.000,20.310,20.986,21.268,19.972,18.228,17.416,12.669,16.269
3828287845.729,8.033,11.076,1.670,0.000,20.314,20.970,21.274,19.974,18.240,17.394,12.708,16.205
3828287846.729,4.743,10.495,4.128,0.000,20.308,20.931,21.276,19.997,18.220,17.415,12.698,16.168
3828287847.729,9.488,10.888,2.274,0.000,20.282,20.930,21.304,20.008,18.227,17.374,12.700,16.176
3828287848.729,8.621,10.543,2.994,0.000,20.251,20.962,21.302,19.942,18.254,17.351,12.692,16.179
3828287849.729,8.043,10.828,1.358,0.000,20.213,20.943,21.285,20.054,18.239,17.421,12.711,16.211
3828287850.715,8.198,10.594,1.784,3.182,20.245,20.995,21.274,19.989,18.202,17.406,12.681,16.249
3828287851.715,8.845,10.797,2.514,0.000,20.263,20.974,21.288,19.947,18.207,17.430,12.671,16.240
3828287852.715,7.791,10.756,0.846,0.000,20.254,20.960,21.301,19.935,18.194,17.399,12.647,16.250
3828287853.715,8.229,10.451,0.000,0.000,20.261,20.967,21.320,19.972,18.156,17.385,12.664,16.282
3828287854.715,9.515,9.446,2.119,0.000,20.288,20.972,21.344,19.961,18.161,17.389,12.719,16.246
3828287855.715,7.726,10.641,2.921,0.000,20.269,20.960,21.345,19.929,18.141,17.391,12.723,16.264
3828287856.715,8.789,10.964,3.086,0.000,20.270,20.923,21.359,19.930,18.137,17.390,12.712,16.277
3828287857.715,8.423,10.811,2.328,0.000,20.296,20.973,21.337,19.938,18.159,17.380,12.747,16.256
3828287858.715,8.708,10.395,2.678,0.000,20.265,20.933,21.328,19.900,18.127,17.332,12.727,16.277
3828287859.715,9.867,11.333,1.138,0.000,20.253,20.969,21.319,19.981,18.109,17.307,12.718,16.260
3828287860.716,8.851,10.694,2.056,3.182,20.294,21.003,21.308,19.864,18.064,17.399,12.762,16.345
3828287861.716,8.198,10.752,1.734,0.000,20.283,20.966,21.273,19.946,18.079,17.401,12.747,16.355
3828287862.716,8.807,10.942,3.037,0.000,20.303,20.961,21.317,19.873,18.071,17.382,12.770,16.365
3828287863.716,7.922,10.545,1.717,0.000,20.335,20.980,21.344,19.913,18.024,17.390,12.783,16.337
3828287864.716,8.861,11.143,2.946,0.000,20.360,21.001,21.309,19.931,18.045,17.381,12.791,16.342
3828287865.716,9.202,10.984,1.181,0.000,20.293,20.977,21.289,19.801,18.050,17.417,12.814,16.368
3828287866.716,8.167,10.573,2.228,0.000,20.339,20.968,21.284,19.910,18.088,17.402,12.833,16.327
3828287867.716,8.845,10.237,1.818,0.000,20.345,20.942,21.288,19.874,18.113,17.410,12.881,16.314
3828287868.716,8.388,8.122,2.117,0.000,20.302,20.952,21.265,19.886,18.134,17.434,12.894,16.298
3828287869.716,7.997,10.487,2.687,0.000,20.276,20.940,21.318,19.925,18.109,17.358,12.876,16.296
3828287870.651,7.600,10.521,2.599,3.182,20.338,20.953,21.269,20.045,18.073,17.418,12.823,16.395
3828287871.651,7.202,11.398,1.889,0.000,20.305,20.951,21.287,20.093,18.095,17.419,12.814,16.392
3828287872.651,7.621,10.153,3.504,0.000,20.349,20.922,21.267,20.102,18.074,17.399,12.809,16.355
3828287873.651,8.589,10.065,0.507,0.000,20.363,20.947,21.296,20.036,18.093,17.412,12.830,16.324
3828287874.651,8.926,10.907,1.881,0.000,20.327,20.958,21.262,20.019,18.069,17.401,12.850,16.395
3828287875.651,8.473,10.002,2.990,0.000,20.316,20.982,21.272,19.970,18.085,17.406,12.861,16.391
3828287876.651,8.480,9.961,2.364,0.000,20.318,20.979,21.294,19.970,18.085,17.400,12.878,16.369
3828287877.651,7.336,10.476,5.207,0.000,20.318,20.942,21.268,19.998,18.122,17.434,12.902,16.325
3828287878.651,8.551,10.347,0.000,0.000,20.312,20.955,21.268,20.039,18.145,17.426,12.912,16.327
3828287879.651,8.288,10.595,2.316,0.000,20.308,20.945,21.251,19.972,18.147,17.456,12.914,16.329
3828287880.681,4.238,11.044,1.817,3.182,20.330,20.934,21.260,20.044,18.090,17.422,12.887,16.374
3828287881.681,8.687,11.717,2.257,0.000,20.351,20.969,21.290,20.021,18.059,17.420,12.867,16.352
3828287882.681,8.716,10.941,2.768,0.000,20.333,20.975,21.278,19.997,18.056,17.414,12.862,16.402
3828287883.681,8.257,10.406,2.141,0.000,20.323,20.924,21.281,19.984,18.121,17.418,12.901,16.387
3828287884.681,7.904,10.198,4.128,0.000,20.313,20.938,21.280,19.978,18.135,17.455,12.918,16.370
3828287885.681,8.164,10.583,2.634,0.000,20.310,20.959,21.272,20.025,18.111,17.431,12.938,16.343
3828287886.681,7.400,11.080,2.179,0.000,20.304,20.959,21.249,19.970,18.125,17.445,12.971,16.366
3828287887.681,13.343,10.327,2.448,0.000,20.289,20.915,21.266,20.067,18.157,17.451,12.958,16.365
3828287888.681,7.709,11.283,1.434,0.000,20.297,20.966,21.258,20.034,18.143,17.434,12.934,16.382
3828287889.681,9.501,12.440,3.537,0.000,20.293,20.964,21.234,20.010,18.138,17.453,12.935,16.375
3828287890.662,8.785,10.735,2.891,3.182,20.294,20.934,21.267,19.938,18.175,17.484,12.950,16.378
3828287891.662,8.581,10.965,3.496,0.000,20.286,20.859,21.268,19.929,18.235,17.487,12.922,16.357
3828287892.662,8.439,10.623,2.537,0.000,20.294,20.872,21.282,19.943,18.235,17.418,12.930,16.363
3828287893.662,7.966,10.528,0.225,0.000,20.247,20.980,21.278,19.894,18.256,17.429,12.947,16.360
3828287894.662,8.927,10.623,2.592,0.000,20.266,20.901,21.240,19.879,18.284,17.452,12.924,16.331
3828287895.662,8.458,11.027,1.940,0.000,20.256,20.903,21.283,20.024,18.256,17.446,12.921,16.302
3828287896.662,7.499,11.059,1.189,0.000,20.267,20.899,21.264,19.915,18.226,17.467,12.954,16.224
3828287897.662,9.767,10.892,3.665,0.000,20.214,20.915,21.257,19.925,18.272,17.446,12.946,16.284
3828287898.662,10.795,11.118,1.889,0.000,20.202,20.922,21.269,20.030,18.274,17.422,12.945,16.312
3828287899.662,5.507,12.455,1.652,0.000,20.226,20.901,21.246,20.041,18.251,17.472,12.942,16.296
3828287900.665,7.720,10.749,5.474,3.182,20.284,20.906,21.225,19.988,18.225,17.564,12.947,16.387
3828287901.665,8.397,12.176,2.624,0.000,20.271,20.930,21.235,20.038,18.216,17.464,12.993,16.376
3828287902.665,9.065,10.686,2.839,0.000,20.267,20.897,21.278,20.080,18.228,17.473,12.964,16.357
3828287903.665,8.051,10.586,3.717,0.000,20.318,20.868,21.251,20.103,18.226,17.488,12.991,16.386
3828287904.665,8.538,10.132,2.402,0.000,20.297,20.890,21.286,19.983,18.275,17.443,12.957,16.376
3828287905.665,8.906,9.337,2.395,0.000,20.286,20.903,21.241,20.002,18.308,17.452,12.972,16.337
3828287906.665,7.878,10.715,0.000,0.000,20.263,20.901,21.273,20.003,18.262,17.459,12.966,16.275
3828287907.665,8.691,11.310,2.911,0.000,20.237,20.915,21.246,20.030,18.278,17.475,12.995,16.334
3828287908.665,7.651,10.318,3.154,0.000,20.228,20.930,21.248,20.132,18.269,17.463,12.965,16.376
3828287909.665,9.044,11.019,2.146,0.000,20.255,20.925,21.272,20.162,18.229,17.483,12.967,16.349
3828287910.711,7.878,10.166,4.167,3.182,20.324,20.955,21.271,19.879,18.094,17.439,12.983,16.402
3828287911.711,8.814,10.705,1.790,0.000,20.315,20.977,21.268,19.797,18.105,17.458,12.993,16.462
3828287912.711,9.428,10.989,2.370,0.000,20.285,20.938,21.287,19.864,18.139,17.471,13.016,16.440
3828287913.711,7.739,11.172,1.367,0.000,20.291,20.963,21.261,19.840,18.119,17.437,13.083,16.414
3828287914.711,8.482,10.786,1.892,0.000,20.266,20.928,21.250,19.896,18.201,17.469,13.075,16.387
3828287915.711,8.037,10.926,2.948,0.000,20.249,20.961,21.260,19.812,18.184,17.453,13.020,16.397
3828287916.711,8.110,11.045,1.598,0.000,20.279,20.978,21.199,19.965,18.197,17.475,13.086,16.415
3828287917.711,8.188,10.918,2.731,0.000,20.225,20.972,21.214,19.947,18.230,17.500,13.006,16.398
3828287918.711,8.080,10.672,2.160,0.000,20.273,20.959,21.240,19.880,18.215,17.560,13.036,16.395
3828287919.711,7.925,10.705,0.862,0.000,20.266,20.945,21.202,19.884,18.256,17.532,13.041,16.416
3828287920.683,8.601,10.408,0.000,3.182,20.257,20.884,21.247,19.959,18.251,17.520,13.027,16.402
3828287921.683,7.778,10.471,2.683,0.000,20.262,20.908,21.246,19.919,18.256,17.497,13.041,16.409
3828287922.683,7.916,10.944,1.495,0.000,20.253,20.932,21.222,19.952,18.338,17.455,13.030,16.386
3828287923.683,9.814,10.571,0.484,0.000,20.251,20.893,21.232,20.013,18.293,17.517,13.043,16.348
3828287924.683,7.284,11.034,2.269,0.000,20.255,20.967,21.252,19.967,18.278,17.468,13.058,16.318
3828287925.683,7.684,10.102,3.619,0.000,20.191,20.892,21.223,19.956,18.330,17.474,13.019,16.390
3828287926.683,7.988,10.469,2.952,0.000,20.196,20.921,21.236,19.987,18.267,17.495,13.080,16.363
3828287927.683,9.974,10.950,0.295,0.000,20.220,20.951,21.234,20.025,18.274,17.464,13.047,16.367
3828287928.683,8.825,11.174,3.177,0.000,20.192,20.897,21.258,19.963,18.260,17.488,13.006,16.366
3828287929.683,14.780,10.469,2.435,0.000,20.223,20.912,21.222,19.993,18.241,17.529,12.988,16.421
3828287930.635,8.189,10.793,1.095,3.182,20.233,20.899,21.201,20.064,18.292,17.481,13.034,16.352
3828287931.635,8.142,11.030,1.923,0.000,20.223,20.925,21.225,20.032,18.267,17.506,13.076,16.395
3828287932.635,9.241,10.908,2.943,0.000,20.217,20.957,21.252,20.050,18.248,17.513,13.012,16.458
3828287933.635,8.589,11.619,2.836,0.000,20.214,20.924,21.233,20.021,18.252,17.496,12.995,16.436
3828287934.635,8.028,10.533,3.223,0.000,20.247,20.920,21.233,20.073,18.228,17.513,13.040,16.430
3828287935.635,9.700,11.140,2.080,0.000,20.239,20.922,21.262,20.032,18.219,17.504,13.046,16.452
3828287936.635,7.883,10.822,1.888,0.000,20.235,20.940,21.262,20.074,18.220,17.512,13.013,16.426
3828287937.635,8.875,10.771,3.246,0.000,20.226,20.920,21.281,20.007,18.227,17.521,13.030,16.443
3828287938.635,5.421,10.578,2.803,0.000,20.257,20.920,21.292,20.001,18.187,17.503,13.041,16.460
3828287939.635,7.352,10.825,4.228,0.000,20.216,20.908,21.309,20.089,18.220,17.470,13.066,16.452
3828287940.649,7.663,10.266,3.064,3.182,20.238,20.897,21.288,19.997,18.204,17.399,13.075,16.467
3828287941.649,9.216,10.758,2.548,0.000,20.238,20.885,21.271,20.085,18.182,17.473,13.077,16.418
3828287942.649,8.088,10.454,2.501,0.000,20.281,20.948,21.262,20.019,18.151,17.477,13.119,16.470
3828287943.649,7.695,11.420,1.713,0.000,20.236,20.957,21.231,20.079,18.186,17.488,13.071,16.437
3828287944.649,9.641,9.648,2.197,0.000,20.259,20.989,21.244,20.028,18.145,17.461,13.101,16.465
3828287945.649,9.934,10.397,2.939,0.000,20.252,20.999,21.234,20.005,18.178,17.478,13.077,16.471
3828287946.649,9.968,10.868,0.565,0.000,20.257,20.986,21.231,20.026,18.115,17.506,13.118,16.463
3828287947.649,10.137,12.287,2.113,0.000,20.252,20.949,21.219,20.075,18.112,17.507,13.083,16.473
3828287948.649,9.033,9.988,2.874,0.000,20.266,20.916,21.210,20.065,18.092,17.522,13.070,16.500
3828287949.649,8.810,10.877,4.248,0.000,20.253,20.971,21.220,20.055,18.122,17.500,13.096,16.534
3828287950.666,9.000,12.339,1.300,3.182,20.307,20.970,21.227,20.000,18.105,17.523,13.136,16.523
3828287951.666,6.196,11.133,1.470,0.000,20.296,20.930,21.270,19.949,18.126,17.496,13.108,16.491
3828287952.666,8.884,10.610,2.378,0.000,20.300,20.960,21.215,19.837,18.154,17.482,13.134,16.547
3828287953.666,12.094,10.620,2.310,0.000,20.273,20.943,21.239,19.803,18.167,17.487,13.143,16.507
3828287954.666,8.945,10.896,2.293,0.000,20.311,20.927,21.251,19.902,18.165,17.536,13.189,16.457
3828287955.666,9.053,10.889,2.684,0.000,20.271,20.946,21.263,19.918,18.209,17.508,13.204,16.464
3828287956.666,7.328,11.643,3.342,0.000,20.265,20.929,21.194,19.981,18.188,17.537,13.181,16.465
3828287957.666,9.373,12.489,2.442,0.000,20.255,20.949,21.211,19.930,18.216,17.535,13.155,16.485
3828287958.666,7.872,10.695,3.653,0.000,20.257,20.938,21.167,19.916,18.236,17.536,13.142,16.471
3828287959.666,8.153,9.192,2.099,0.000,20.267,20.940,21.161,20.109,18.262,17.577,13.145,16.506
3828287960.619,8.928,10.953,2.873,3.182,20.209,20.909,21.198,20.024,18.296,17.566,13.095,16.462
3828287961.619,9.336,12.207,1.500,0.000,20.252,20.940,21.233,19.901,18.270,17.516,13.091,16.459
3828287962.619,8.583,10.148,3.839,0.000,20.225,20.912,21.259,19.949,18.276,17.525,13.111,16.492
3828287963.619,8.509,10.643,2.660,0.000,20.217,20.929,21.244,19.994,18.260,17.526,13.088,16.483
3828287964.619,8.975,10.783,1.340,0.000,20.217,20.888,21.254,19.986,18.233,17.517,13.111,16.471
3828287965.619,7.802,10.570,2.784,0.000,20.245,20.890,21.282,19.897,18.259,17.482,13.128,16.469
3828287966.619,9.114,11.048,2.933,0.000,20.253,20.919,21.267,19.883,18.230,17.484,13.138,16.465
3828287967.619,7.712,10.556,1.169,0.000,20.217,20.943,21.242,19.922,18.216,17.477,13.152,16.496
3828287968.619,8.367,10.840,0.821,0.000,20.237,20.948,21.283,19.914,18.174,17.488,13.118,16.491
3828287969.619,6.829,10.903,1.753,0.000,20.222,20.951,21.245,19.940,18.206,17.481,13.135,16.477
3828287970.591,8.688,10.518,2.030,3.182,20.196,20.862,21.204,19.903,18.329,17.570,13.184,16.470
3828287971.591,10.012,10.600,2.975,0.000,20.190,20.909,21.213,19.948,18.302,17.541,13.141,16.478
3828287972.591,8.450,10.616,1.889,0.000,20.195,20.924,21.237,20.084,18.303,17.511,13.159,16.441
3828287973.591,10.198,10.490,2.249,0.000,20.221,20.893,21.210,20.065,18.281,17.561,13.112,16.434
3828287974.591,8.450,10.507,1.738,0.000,20.210,20.892,21.201,20.017,18.321,17.563,13.115,16.503
3828287975.591,8.832,10.913,2.313,0.000,20.203,20.905,21.231,19.896,18.262,17.542,13.119,16.489
3828287976.591,8.400,11.043,3.214,0.000,20.226,20.896,21.210,19.994,18.271,17.520,13.084,16.504
3828287977.591,5.961,11.036,2.762,0.000,20.225,20.912,21.218,19.973,18.294,17.548,13.099,16.470
3828287978.591,8.748,10.795,0.258,0.000,20.234,20.936,21.227,19.923,18.237,17.555,13.130,16.534
3828287979.591,8.007,11.045,1.194,0.000,20.218,20.888,21.263,19.897,18.271,17.539,13.115,16.505
3828287980.600,7.948,10.681,2.903,3.182,20.243,20.984,21.227,20.018,18.197,17.545,13.188,16.532
3828287981.600,8.977,10.704,2.632,0.000,20.248,20.971,21.241,20.019,18.158,17.528,13.180,16.508
3828287982.600,7.955,12.012,1.740,0.000,20.264,20.940,21.222,20.041,18.143,17.553,13.166,16.517
3828287983.600,8.241,10.886,0.844,0.000,20.251,20.960,21.231,19.970,18.121,17.545,13.196,16.537
3828287984.600,8.523,10.152,2.910,0.000,20.236,20.975,21.189,19.928,18.154,17.562,13.174,16.568
3828287985.600,7.781,10.864,2.035,0.000,20.274,20.949,21.222,19.925,18.185,17.556,13.187,16.607
3828287986.600,9.270,9.401,2.213,0.000,20.272,20.957,21.212,19.972,18.186,17.568,13.178,16.616
3828287987.600,7.851,10.646,1.353,0.000,20.257,20.946,21.226,20.015,18.187,17.562,13.188,16.590
3828287988.600,8.421,10.680,1.946,0.000,20.311,20.966,21.233,20.000,18.139,17.548,13.170,16.581
3828287989.600,8.237,10.705,2.153,0.000,20.298,20.940,21.250,19.972,18.183,17.563,13.202,16.533
3828287990.577,9.169,10.016,2.162,3.182,20.227,20.912,21.240,19.946,18.358,17.548,13.158,16.467
3828287991.577,9.919,10.379,1.985,0.000,20.244,20.876,21.244,19.968,18.332,17.543,13.197,16.463
3828287992.577,8.594,10.586,2.106,0.000,20.240,20.884,21.205,19.960,18.331,17.591,13.212,16.441
3828287993.577,8.052,10.521,2.049,0.000,20.236,20.854,21.209,19.987,18.349,17.570,13.198,16.427
3828287994.577,9.156,10.941,3.130,0.000,20.201,20.880,21.210,19.995,18.322,17.538,13.198,16.410
3828287995.577,8.785,10.743,2.352,0.000,20.205,20.930,21.225,20.010,18.344,17.545,13.209,16.450
3828287996.577,7.655,10.540,4.257,0.000,20.211,20.904,21.202,19.972,18.346,17.583,13.206,16.427
3828287997.577,8.037,12.020,3.117,0.000,20.179,20.899,21.204,19.959,18.333,17.570,13.218,16.410
3828287998.577,7.854,9.187,2.853,0.000,20.185,20.901,21.218,20.041,18.347,17.561,13.218,16.453
3828287999.577,9.821,10.570,0.175,0.000,20.196,20.867,21.222,19.920,18.371,17.553,13.220,16.457
3828288000.527,8.802,10.717,2.505,3.182,20.209,20.910,21.193,19.990,18.318,17.591,13.185,16.453
3828288001.527,8.075,10.591,2.499,0.000,20.209,20.929,21.210,20.019,18.316,17.569,13.179,16.485
3828288002.527,8.148,10.892,3.984,0.000,20.184,20.904,21.195,20.021,18.319,17.586,13.174,16.498
3828288003.527,7.928,10.245,4.745,0.000,20.199,20.932,21.229,19.976,18.297,17.548,13.156,16.501
3828288004.527,7.853,10.422,2.828,0.000,20.195,20.912,21.216,19.955,18.334,17.579,13.157,16.484
3828288005.527,9.194,10.376,3.911,0.000,20.203,20.954,21.217,19.900,18.301,17.582,13.166,16.556
3828288006.527,7.802,10.351,2.655,0.000,20.186,20.863,21.219,19.959,18.301,17.579,13.127,16.513
3828288007.527,8.379,10.868,2.410,0.000,20.198,20.903,21.217,19.979,18.265,17.589,13.130,16.533
3828288008.527,8.434,10.393,1.749,0.000,20.206,20.875,21.212,19.877,18.319,17.582,13.124,16.496
3828288009.527,9.964,10.667,1.293,0.000,20.214,20.880,21.224,19.871,18.286,17.545,13.178,16.514
3828288010.596,11.615,11.377,2.409,3.182,20.210,20.881,21.233,19.924,18.342,17.556,13.213,16.464
3828288011.596,9.208,10.938,2.282,0.000,20.269,20.886,21.207,19.889,18.370,17.567,13.230,16.454
3828288012.596,7.816,10.914,1.489,0.000,20.226,20.860,21.208,19.852,18.347,17.548,13.196,16.403
3828288013.596,7.904,10.779,0.000,0.000,20.224,20.890,21.214,19.894,18.329,17.564,13.246,16.450
3828288014.596,8.243,10.903,3.670,0.000,20.190,20.886,21.220,19.905,18.395,17.573,13.214,16.473
3828288015.596,7.798,11.296,1.252,0.000,20.189,20.921,21.174,19.878,18.350,17.576,13.211,16.516
3828288016.596,8.862,11.329,2.812,0.000,20.161,20.891,21.218,20.000,18.343,17.573,13.195,16.492
3828288017.596,7.917,10.419,2.910,0.000,20.206,20.885,21.212,19.885,18.346,17.578,13.193,16.490
3828288018.596,8.680,10.970,2.530,0.000,20.202,20.863,21.202,20.023,18.331,17.564,13.198,16.473
3828288019.596,8.956,10.856,2.159,0.000,20.189,20.914,21.215,19.939,18.298,17.569,13.157,16.549
3828288020.576,9.828,11.708,2.179,3.182,20.321,20.904,21.212,19.838,18.166,17.562,13.225,16.562
3828288021.576,9.490,11.540,1.548,0.000,20.279,20.941,21.208,19.777,18.156,17.560,13.226,16.599
3828288022.576,9.741,11.421,1.526,0.000,20.233,20.947,21.232,19.909,18.207,17.537,13.208,16.595
3828288023.576,8.400,10.663,2.850,0.000,20.265,20.897,21.200,19.782,18.195,17.572,13.275,16.569
3828288024.576,7.994,10.563,1.380,0.000,20.293,20.939,21.216,19.840,18.210,17.562,13.290,16.553
3828288025.576,8.188,10.614,3.081,0.000,20.280,20.921,21.186,19.961,18.251,17.576,13.292,16.549
3828288026.576,9.020,10.774,2.024,0.000,20.243,20.929,21.215,19.935,18.228,17.584,13.293,16.553
3828288027.576,10.278,10.552,2.265,0.000,20.235,20.908,21.204,19.775,18.267,17.574,13.267,16.539
3828288028.576,9.074,10.845,4.927,0.000,20.268,20.934,21.159,19.899,18.239,17.547,13.240,16.567
3828288029.576,8.595,11.939,2.660,0.000,20.227,20.914,21.222,19.868,18.254,17.554,13.244,16.539
3828288030.614,8.677,10.931,2.435,3.182,20.238,20.899,21.165,19.986,18.286,17.615,13.223,16.568
3828288031.614,6.654,10.932,2.162,0.000,20.258,20.916,21.175,19.952,18.291,17.657,13.232,16.543
3828288032.614,8.511,10.408,3.372,0.000,20.260,20.941,21.180,19.960,18.294,17.665,13.209,16.586
3828288033.614,8.781,11.278,3.202,0.000,20.254,20.887,21.168,19.983,18.304,17.647,13.229,16.552
3828288034.614,8.630,10.864,2.220,0.000,20.239,20.919,21.146,19.955,18.317,17.609,13.246,16.579
3828288035.614,7.833,10.859,1.577,0.000,20.235,20.857,21.182,19.999,18.315,17.602,13.233,16.565
3828288036.614,8.283,10.713,1.766,0.000,20.274,20.880,21.180,19.917,18.301,17.597,13.263,16.570
3828288037.614,7.949,9.897,2.714,0.000,20.264,20.863,21.176,19.899,18.331,17.622,13.244,16.564
3828288038.614,7.285,10.311,4.441,0.000,20.235,20.840,21.174,20.023,18.316,17.619,13.240,16.584
3828288039.614,8.245,10.031,0.000,0.000,20.236,20.848,21.209,19.942,18.342,17.617,13.277,16.550
3828288040.616,5.630,10.856,2.457,3.182,20.269,20.898,21.159,19.993,18.305,17.650,13.258,16.574
3828288041.616,7.906,10.724,0.704,0.000,20.206,20.906,21.139,20.010,18.316,17.649,13.227,16.550
3828288042.616,8.621,10.783,2.964,0.000,20.247,20.917,21.169,19.951,18.298,17.631,13.255,16.583
3828288043.616,4.266,11.108,1.220,0.000,20.227,20.909,21.156,19.921,18.327,17.612,13.247,16.561
3828288044.616,8.600,10.773,1.737,0.000,20.245,20.914,21.166,19.956,18.299,17.628,13.227,16.605
3828288045.616,9.636,10.820,3.709,0.000,20.260,20.879,21.172,19.905,18.334,17.632,13.277,16.562
3828288046.616,7.844,10.795,1.466,0.000,20.247,20.869,21.192,20.077,18.316,17.627,13.255,16.572
3828288047.616,8.308,10.804,1.289,0.000,20.272,20.867,21.152,19.958,18.290,17.635,13.267,16.588
3828288048.616,14.283,10.327,2.220,0.000,20.238,20.850,21.162,19.955,18.334,17.654,13.253,16.540
3828288049.616,5.355,11.142,2.568,0.000,20.269,20.888,21.199,19.999,18.338,17.604,13.267,16.567
3828288050.647,8.092,10.675,2.085,3.182,20.221,20.858,21.269,19.995,18.284,17.539,13.221,16.538
3828288051.647,9.789,11.217,1.887,0.000,20.237,20.909,21.247,19.937,18.265,17.505,13.264,16.547
3828288052.647,7.853,11.397,1.459,0.000,20.187,20.881,21.209,19.928,18.291,17.527,13.230,16.546
3828288053.647,9.047,11.004,2.573,0.000,20.255,20.890,21.230,20.025,18.271,17.532,13.251,16.583
3828288054.647,8.401,10.173,2.490,0.000,20.198,20.890,21.212,19.961,18.286,17.509,13.263,16.537
3828288055.647,8.521,10.667,3.404,0.000,20.228,20.897,21.226,20.017,18.250,17.497,13.261,16.560
3828288056.647,9.115,10.809,1.968,0.000,20.201,20.880,21.226,19.999,18.253,17.548,13.233,16.562
3828288057.647,8.801,10.696,2.358,0.000,20.256,20.888,21.233,19.923,18.259,17.526,13.273,16.550
3828288058.647,8.294,8.383,2.127,0.000,20.203,20.899,21.251,20.000,18.242,17.518,13.243,16.564
3828288059.647,7.868,10.976,1.747,0.000,20.214,20.920,21.221,19.885,18.235,17.586,13.251,16.569
3828288060.603,10.277,10.741,2.228,3.182,20.212,20.980,21.202,19.994,18.233,17.528,13.230,16.594
3828288061.603,8.296,10.999,0.183,0.000,20.234,20.931,21.190,19.969,18.240,17.531,13.253,16.549
3828288062.603,8.167,10.955,3.278,0.000,20.212,20.968,21.199,19.950,18.231,17.537,13.285,16.580
3828288063.603,7.488,11.054,1.846,0.000,20.196,20.962,21.172,19.889,18.221,17.586,13.263,16.566
3828288064.603,7.980,11.841,3.119,0.000,20.219,20.995,21.177,19.929,18.201,17.597,13.275,16.589
3828288065.603,6.331,10.768,3.713,0.000,20.220,20.996,21.179,19.903,18.167,17.580,13.269,16.580
3828288066.603,8.974,10.804,1.993,0.000,20.185,20.979,21.200,19.906,18.190,17.588,13.267,16.596
3828288067.603,8.571,11.134,2.156,0.000,20.226,20.928,21.198,19.918,18.187,17.575,13.294,16.565
3828288068.603,6.743,10.884,2.455,0.000,20.216,20.922,21.166,19.908,18.168,17.604,13.272,16.615
3828288069.603,9.217,10.932,2.520,0.000,20.225,20.944,21.179,19.926,18.165,17.625,13.277,16.620
3828288070.589,8.287,10.249,3.884,3.182,20.206,20.910,21.184,19.822,18.292,17.620,13.279,16.562
3828288071.589,8.233,10.569,2.949,0.000,20.217,20.937,21.228,19.914,18.274,17.577,13.283,16.548
3828288072.589,8.246,10.578,0.704,0.000,20.202,20.898,21.253,19.967,18.280,17.598,13.232,16.584
3828288073.589,8.409,10.336,4.191,0.000,20.202,20.872,21.247,19.890,18.301,17.595,13.231,16.562
3828288074.589,7.849,10.503,2.960,0.000,20.229,20.887,21.240,19.913,18.271,17.603,13.257,16.578
3828288075.589,7.893,11.188,1.881,0.000,20.217,20.900,21.255,19.843,18.265,17.584,13.268,16.570
3828288076.589,9.310,10.572,2.257,0.000,20.234,20.882,21.260,19.958,18.286,17.580,13.252,16.604
3828288077.589,7.702,10.723,2.881,0.000,20.224,20.884,21.271,19.937,18.276,17.564,13.250,16.554
3828288078.589,9.701,11.206,1.750,0.000,20.189,20.887,21.260,19.951,18.292,17.587,13.254,16.577
3828288079.589,8.520,10.415,4.148,0.000,20.197,20.894,21.251,19.963,18.295,17.584,13.234,16.590
3828288080.616,7.732,11.542,1.258,3.182,20.166,20.892,21.204,19.931,18.350,17.592,13.282,16.544
3828288081.616,8.613,8.505,1.713,0.000,20.114,20.893,21.180,19.918,18.370,17.597,13.272,16.530
3828288082.616,9.117,11.243,2.700,0.000,20.158,20.877,21.192,19.998,18.370,17.610,13.290,16.547
3828288083.616,8.004,10.840,1.909,0.000,20.160,20.897,21.176,19.974,18.391,17.613,13.309,16.520
3828288084.616,8.393,9.835,3.312,0.000,20.126,20.879,21.149,19.903,18.419,17.626,13.307,16.536
3828288085.616,11.752,9.615,2.569,0.000,20.156,20.879,21.169,19.901,18.376,17.633,13.316,16.587
3828288086.616,9.048,8.709,2.021,0.000,20.180,20.891,21.190,19.881,18.381,17.613,13.332,16.564
3828288087.616,9.910,10.509,3.316,0.000,20.161,20.907,21.165,19.914,18.375,17.630,13.350,16.567
3828288088.616,8.271,10.622,1.958,0.000,20.183,20.902,21.172,19.915,18.361,17.615,13.312,16.518
3828288089.616,4.892,9.868,2.738,0.000,20.183,20.888,21.215,19.900,18.370,17.600,13.306,16.501
3828288090.631,7.239,11.177,2.568,3.182,20.225,20.942,21.171,19.994,18.211,17.600,13.311,16.599
3828288091.631,8.533,10.790,2.403,0.000,20.242,20.930,21.188,20.048,18.234,17.590,13.322,16.608
3828288092.631,6.673,10.652,2.881,0.000,20.205,20.967,21.177,20.050,18.207,17.591,13.304,16.600
3828288093.631,4.107,10.592,4.095,0.000,20.235,20.961,21.169,20.000,18.212,17.602,13.335,16.605
3828288094.631,4.075,11.279,2.813,0.000,20.205,21.000,21.182,20.030,18.229,17.579,13.314,16.614
3828288095.631,0.869,10.981,1.314,0.000,20.219,20.979,21.188,20.026,18.209,17.551,13.339,16.607
3828288096.631,0.500,11.099,1.925,0.000,20.216,20.977,21.182,20.034,18.209,17.578,13.311,16.594
3828288097.631,0.000,12.034,2.901,0.000,20.318,20.992,21.120,20.050,18.226,17.574,13.331,16.608
3828288098.631,0.000,11.599,3.611,0.000,20.399,20.964,20.976,20.053,18.192,17.575,13.317,16.591
3828288099.631,0.000,11.200,2.103,0.000,20.468,20.940,20.851,20.034,18.158,17.571,13.323,16.581
3828288100.604,1.366,10.452,1.922,3.182,20.489,20.890,20.758,20.119,18.195,17.593,13.321,16.550
3828288101.604,0.000,12.456,1.705,0.000,20.490,20.890,20.727,20.139,18.165,17.566,13.329,16.566
3828288102.604,0.371,10.220,3.280,0.000,20.515,20.919,20.717,20.148,18.119,17.528,13.338,16.581
3828288103.604,0.267,10.736,1.895,0.000,20.533,20.920,20.717,20.119,18.093,17.520,13.346,16.518
3828288104.604,0.326,11.888,5.500,0.000,20.523,20.881,20.725,20.105,18.046,17.501,13.359,16.548
3828288105.604,0.000,10.624,0.000,0.000,20.498,20.924,20.732,20.111,18.020,17.471,13.361,16.542
3828288106.604,0.291,10.965,2.150,0.000,20.523,20.898,20.741,20.074,17.998,17.420,13.356,16.536
3828288107.604,0.349,11.207,1.828,0.000,20.495,20.922,20.692,20.051,17.953,17.427,13.369,16.513
3828288108.604,0.000,10.427,0.000,0.000,20.543,20.907,20.718,20.049,17.967,17.368,13.361,16.498
3828288109.604,0.035,10.807,2.021,0.000,20.514,20.905,20.694,20.061,17.939,17.338,13.374,16.495
3828288110.633,0.000,10.662,2.257,3.182,20.542,20.883,20.714,20.114,17.897,17.340,13.296,16.463
3828288111.633,1.344,11.068,3.377,0.000,20.544,20.912,20.666,20.136,17.868,17.301,13.285,16.457
3828288112.633,0.338,10.931,2.948,0.000,20.566,20.883,20.678,20.130,17.837,17.302,13.356,16.386
3828288113.633,0.000,10.695,2.308,0.000,20.564,20.916,20.678,20.113,17.783,17.269,13.345,16.395
3828288114.633,0.350,10.738,2.211,0.000,20.485,20.891,20.673,20.131,17.787,17.222,13.373,16.389
3828288115.633,0.000,10.520,2.680,0.000,20.509,20.897,20.652,20.087,17.778,17.239,13.366,16.349
3828288116.633,0.471,10.828,2.079,0.000,20.499,20.890,20.699,20.075,17.754,17.211,13.384,16.371
3828288117.633,0.000,10.484,2.720,0.000,20.461,20.883,20.668,20.085,17.740,17.172,13.348,16.342
3828288118.633,0.326,10.880,2.264,0.000,20.510,20.894,20.678,20.055,17.698,17.162,13.382,16.299
3828288119.633,3.030,10.473,2.700,0.000,20.541,20.911,20.669,20.068,17.649,17.108,13.364,16.272
3828288120.601,0.766,10.833,2.961,3.182,20.545,20.897,20.674,20.110,17.570,17.134,13.351,16.294
3828288121.601,0.000,10.492,2.005,0.000,20.556,20.897,20.687,20.057,17.532,17.070,13.333,16.289
3828288122.601,0.000,11.610,1.929,0.000,20.513,20.903,20.704,20.090,17.496,17.056,13.309,16.288
3828288123.601,0.000,10.988,2.954,0.000,20.517,20.900,20.705,20.101,17.493,17.042,13.295,16.249
3828288124.601,1.543,10.677,1.766,0.000,20.509,20.890,20.677,20.098,17.470,17.031,13.334,16.213
3828288125.601,0.752,10.654,2.284,0.000,20.526,20.918,20.685,20.112,17.423,17.016,13.339,16.244
3828288126.601,0.000,8.462,2.222,0.000,20.525,20.920,20.705,20.132,17.412,16.969,13.361,16.176
3828288127.601,0.000,12.165,2.947,0.000,20.530,20.887,20.673,20.133,17.401,16.976,13.343,16.154
3828288128.601,0.207,10.483,2.300,0.000,20.547,20.894,20.683,20.129,17.379,16.943,13.430,16.110
3828288129.601,0.179,9.993,2.783,0.000,20.517,20.923,20.700,20.149,17.332,16.892,13.389,16.129
3828288130.588,0.295,10.381,3.066,3.182,20.543,20.866,20.693,20.077,17.363,16.867,13.399,16.063
3828288131.588,0.703,10.839,3.097,0.000,20.548,20.882,20.685,20.082,17.358,16.856,13.409,16.091
3828288132.588,0.000,10.895,1.943,0.000,20.531,20.917,20.704,20.042,17.338,16.815,13.423,16.071
3828288133.588,0.647,10.759,0.000,0.000,20.536,20.900,20.711,20.072,17.306,16.814,13.400,16.090
3828288134.588,4.580,10.551,2.737,0.000,20.546,20.865,20.686,20.038,17.269,16.788,13.418,16.068
3828288135.588,0.000,10.735,2.476,0.000,20.576,20.852,20.714,20.008,17.228,16.777,13.434,16.063
3828288136.588,0.000,11.144,2.015,0.000,20.543,20.865,20.689,20.069,17.139,16.786,13.418,16.055
3828288137.588,0.000,10.185,4.002,0.000,20.547,20.882,20.709,20.061,17.116,16.775,13.434,16.041
3828288138.588,0.000,10.754,2.477,0.000,20.569,20.908,20.687,20.045,17.104,16.754,13.426,16.036
3828288139.588,0.524,9.853,2.345,0.000,20.522,20.918,20.675,20.045,17.085,16.712,13.431,15.985
3828288140.602,0.000,10.516,0.051,3.182,20.550,20.929,20.698,19.983,16.981,16.670,13.450,15.972
3828288141.602,0.000,10.859,5.467,0.000,20.547,20.922,20.705,19.994,16.955,16.646,13.420,15.986
3828288142.602,1.130,10.658,0.082,0.000,20.568,20.929,20.720,19.984,16.910,16.641,13.449,15.997
3828288143.602,0.000,11.334,2.162,0.000,20.606,20.950,20.739,20.013,16.890,16.593,13.463,15.945
3828288144.602,0.000,11.061,1.894,0.000,20.583,20.931,20.741,20.033,16.815,16.589,13.419,15.951
3828288145.602,0.000,10.895,2.703,0.000,20.554,20.913,20.688,20.072,16.794,16.583,13.434,15.966
3828288146.602,0.380,10.754,3.040,0.000,20.572,20.979,20.697,20.040,16.781,16.560,13.445,16.008
3828288147.602,1.412,11.113,1.725,0.000,20.532,20.963,20.707,20.051,16.743,16.517,13.442,15.907
3828288148.602,0.000,10.737,2.176,0.000,20.542,20.939,20.731,20.092,16.731,16.491,13.445,15.862
3828288149.602,0.000,11.884,2.891,0.000,20.524,21.004,20.704,20.066,16.732,16.514,13.474,15.835
3828288150.633,0.000,9.730,2.436,3.182,20.566,20.951,20.710,20.056,16.690,16.460,13.468,15.932
3828288151.633,0.218,11.128,2.023,0.000,20.520,20.945,20.709,20.041,16.698,16.441,13.445,15.851
3828288152.633,1.722,10.594,1.279,0.000,20.530,20.959,20.726,20.091,16.627,16.431,13.474,15.836
3828288153.633,5.424,10.581,2.456,0.000,20.507,20.992,20.712,20.060,16.608,16.393,13.476,15.797
3828288154.633,0.000,9.767,3.810,0.000,20.510,20.988,20.696,20.080,16.661,16.376,13.447,15.776
3828288155.633,0.659,8.920,1.817,0.000,20.499,20.941,20.708,20.052,16.680,16.346,13.484,15.707
3828288156.633,0.000,10.713,2.677,0.000,20.526,20.927,20.730,20.057,16.623,16.379,13.478,15.745
3828288157.633,0.289,10.702,2.721,0.000,20.503,20.933,20.753,20.072,16.615,16.296,13.486,15.732
3828288158.633,0.377,10.940,2.302,0.000,20.502,20.912,20.735,20.070,16.612,16.278,13.468,15.685
3828288159.633,0.000,11.937,2.914,0.000,20.499,20.880,20.758,20.047,16.618,16.297,13.472,15.651
3828288160.634,0.000,10.616,2.121,3.182,20.515,20.962,20.699,20.069,16.544,16.274,13.491,15.669
3828288161.634,0.048,9.976,1.807,0.000,20.511,20.946,20.760,20.033,16.526,16.245,13.505,15.648
3828288162.634,1.112,9.828,1.762,0.000,20.491,20.920,20.723,20.056,16.508,16.229,13.486,15.656
3828288163.634,0.000,10.629,2.123,0.000,20.481,20.919,20.731,20.055,16.542,16.198,13.495,15.616
3828288164.634,0.000,10.538,2.422,0.000,20.510,20.906,20.746,20.064,16.487,16.186,13.488,15.613
3828288165.634,0.000,10.411,2.872,0.000,20.500,20.932,20.780,20.094,16.487,16.175,13.471,15.618
3828288166.634,0.000,10.316,3.696,0.000,20.539,20.891,20.832,20.046,16.462,16.202,13.509,15.584
3828288167.634,0.309,10.752,2.153,0.000,20.476,20.903,20.741,20.059,16.493,16.191,13.465,15.588
3828288168.634,0.000,11.065,1.322,0.000,20.471,20.919,20.771,20.112,16.445,16.165,13.486,15.572
3828288169.634,0.000,12.146,2.884,0.000,20.517,20.928,20.726,20.089,16.443,16.190,13.487,15.548
3828288170.587,0.223,10.692,2.172,3.182,20.510,20.975,20.723,20.063,16.354,16.134,13.526,15.534
3828288171.587,1.357,11.504,2.310,0.000,20.504,20.989,20.707,20.059,16.344,16.070,13.519,15.535
3828288172.587,0.000,10.504,2.960,0.000,20.515,20.997,20.760,20.055,16.326,16.069,13.532,15.528
3828288173.587,0.000,10.332,2.495,0.000,20.515,20.960,20.749,20.052,16.318,16.045,13.523,15.500
3828288174.587,1.310,11.223,1.940,0.000,20.486,20.936,20.770,20.066,16.298,16.085,13.530,15.470
3828288175.587,0.429,10.668,2.636,0.000,20.490,20.925,20.772,20.091,16.288,16.035,13.516,15.486
3828288176.587,0.424,10.520,2.055,0.000,20.504,20.933,20.750,20.047,16.283,15.987,13.569,15.487
3828288177.587,0.926,10.998,1.802,0.000,20.498,20.929,20.731,20.062,16.269,15.999,13.559,15.466
3828288178.587,0.000,11.140,1.371,0.000,20.493,20.934,20.793,20.071,16.243,15.976,13.535,15.418
3828288179.587,0.000,10.465,2.411,0.000,20.475,20.895,20.776,20.077,16.250,15.931,13.541,15.420
3828288180.557,0.000,10.710,1.901,3.182,20.483,20.929,20.728,20.089,16.138,16.013,13.545,15.452
3828288181.557,0.000,10.785,1.968,0.000,20.464,20.970,20.753,20.060,16.111,15.977,13.550,15.479
3828288182.557,0.000,9.890,1.929,0.000,20.499,20.958,20.753,20.043,16.076,16.002,13.561,15.455
3828288183.557,0.580,10.909,2.732,0.000,20.497,20.943,20.748,20.113,16.097,15.979,13.572,15.421
3828288184.557,0.000,10.446,3.424,0.000,20.513,20.945,20.766,20.079,16.070,15.940,13.549,15.438
3828288185.557,0.855,10.554,2.969,0.000,20.489,20.935,20.723,20.048,16.032,15.936,13.611,15.406
3828288186.557,0.000,10.336,2.582,0.000,20.497,20.917,20.753,20.092,16.076,15.905,13.583,15.366
3828288187.557,0.000,11.224,2.568,0.000,20.530,20.946,20.724,20.062,16.040,15.897,13.588,15.392
3828288188.557,0.000,11.202,1.786,0.000,20.492,20.929,20.736,20.081,16.028,15.900,13.591,15.368
3828288189.557,0.000,10.990,1.925,0.000,20.507,20.947,20.767,20.073,15.960,15.872,13.609,15.400
3828288190.527,0.000,9.867,0.210,3.182,20.483,20.976,20.772,20.069,15.976,15.891,13.580,15.384
3828288191.527,0.000,10.233,0.000,0.000,20.474,21.121,20.745,20.094,15.950,15.858,13.598,15.342
3828288192.527,0.316,10.511,2.509,0.000,20.474,21.265,20.747,20.074,15.916,15.879,13.606,15.362
3828288193.527,0.000,10.743,2.316,0.000,20.505,21.330,20.740,20.076,15.941,15.838,13.599,15.325
3828288194.527,0.000,10.639,1.540,0.000,20.495,21.423,20.764,20.080,15.909,15.835,13.567,15.328
3828288195.527,0.000,10.743,1.451,0.000,20.491,21.474,20.757,20.066,15.895,15.823,13.598,15.319
3828288196.527,0.000,10.938,2.608,0.000,20.503,21.565,20.763,20.060,15.851,15.775,13.604,15.343
3828288197.527,1.246,10.619,1.681,0.000,20.490,21.542,20.745,20.053,15.875,15.822,13.619,15.305
3828288198.527,0.558,10.858,1.998,0.000,20.474,21.549,20.743,20.102,15.868,15.787,13.596,15.318
3828288199.527,0.014,10.182,1.526,0.000,20.509,21.533,20.782,20.033,15.852,15.745,13.651,15.294
3828288200.526,0.000,10.265,2.567,3.182,20.493,21.467,20.800,20.066,15.931,15.700,13.617,15.200
3828288201.526,0.000,10.699,2.427,0.000,20.485,21.499,20.817,20.062,15.875,15.714,13.629,15.243
3828288202.526,0.111,11.224,4.360,0.000,20.498,21.445,20.766,20.079,15.894,15.725,13.618,15.215
3828288203.526,0.310,10.914,2.900,0.000,20.481,21.451,20.796,20.055,15.874,15.676,13.636,15.207
3828288204.526,0.686,10.739,2.778,0.000,20.482,21.491,20.792,20.039,15.855,15.718,13.639,15.187
3828288205.526,0.000,10.902,1.064,0.000,20.468,21.657,20.803,20.050,15.865,15.654,13.622,15.170
3828288206.526,1.833,11.052,2.036,0.000,20.474,21.816,20.805,20.041,15.823,15.663,13.647,15.205
3828288207.526,0.243,10.164,2.792,0.000,20.507,21.941,20.784,20.005,15.821,15.661,13.660,15.164
3828288208.526,0.771,10.467,2.415,0.000,20.505,22.011,20.801,20.012,15.827,15.659,13.630,15.156
3828288209.526,0.471,8.736,1.876,0.000,20.512,22.037,20.806,19.999,15.837,15.602,13.627,15.156
3828288210.557,0.000,11.112,2.049,3.182,20.493,22.052,20.770,20.016,15.863,15.653,13.595,15.139
3828288211.557,0.000,10.852,2.512,0.000,20.471,22.023,20.776,20.014,15.846,15.645,13.585,15.119
3828288212.557,0.000,11.014,1.835,0.000,20.471,22.004,20.778,20.012,15.836,15.612,13.594,15.090
3828288213.557,0.000,10.407,1.377,0.000,20.525,21.979,20.793,20.009,15.819,15.620,13.611,15.114
3828288214.557,0.525,10.706,1.763,0.000,20.536,21.926,20.751,20.002,15.801,15.626,13.609,15.098
3828288215.557,0.000,10.129,2.687,0.000,20.542,21.820,20.758,20.023,15.821,15.604,13.620,15.116
3828288216.557,0.000,10.415,1.959,0.000,20.552,21.763,20.770,20.000,15.774,15.606,13.644,15.106
3828288217.557,0.000,10.922,0.641,0.000,20.599,21.682,20.758,20.008,15.815,15.574,13.648,15.069
3828288218.557,0.325,10.811,2.274,0.000,20.579,21.650,20.783,20.008,15.796,15.571,13.641,15.094
3828288219.557,0.374,10.352,3.706,0.000,20.623,21.616,20.742,19.991,15.780,15.592,13.639,15.065
3828288220.555,0.000,10.898,1.708,3.182,20.671,21.583,20.774,19.976,15.748,15.565,13.631,15.068
3828288221.555,0.000,10.516,2.358,0.000,20.670,21.565,20.765,19.994,15.716,15.567,13.637,15.052
3828288222.555,0.236,11.055,4.628,0.000,20.693,21.582,20.773,19.969,15.714,15.512,13.647,15.084
3828288223.555,0.000,10.656,3.764,0.000,20.749,21.552,20.772,19.957,15.723,15.569,13.661,15.045
3828288224.555,0.000,10.552,1.662,0.000,20.752,21.534,20.782,19.946,15.693,15.526,13.637,15.023
3828288225.555,0.564,10.922,1.852,0.000,20.754,21.593,20.779,19.931,15.696,15.525,13.640,15.048
3828288226.555,0.000,10.666,2.397,0.000,20.786,21.748,20.767,19.944,15.685,15.549,13.638,15.009
3828288227.555,0.000,10.779,1.583,0.000,20.769,21.913,20.795,19.928,15.681,15.498,13.634,15.019
3828288228.555,0.636,10.565,2.918,0.000,20.837,22.241,20.775,19.854,15.665,15.502,13.665,15.024
3828288229.555,0.440,10.733,2.005,0.000,20.809,22.465,20.778,19.906,15.642,15.499,13.629,15.004
3828288230.556,0.675,11.036,1.946,3.182,20.887,22.729,20.755,19.824,15.543,15.451,13.730,15.060
3828288231.556,0.000,10.841,1.843,0.000,20.899,22.807,20.780,19.835,15.558,15.436,13.719,14.991
3828288232.556,0.000,10.594,1.880,0.000,20.918,22.846,20.804,19.847,15.528,15.417,13.725,15.016
3828288233.556,3.497,10.672,2.327,0.000,20.942,22.734,20.780,19.817,15.540,15.397,13.737,14.987
3828288234.556,0.000,10.648,2.346,0.000,20.992,22.719,20.825,19.808,15.558,15.397,13.706,14.983
3828288235.556,0.000,10.546,3.489,0.000,21.018,22.714,20.814,19.827,15.515,15.412,13.729,14.970
3828288236.556,0.171,10.553,3.555,0.000,21.002,22.711,20.827,19.835,15.522,15.367,13.722,14.982
3828288237.556,0.000,10.261,3.284,0.000,21.051,22.631,20.810,19.805,15.512,15.345,13.758,14.975
3828288238.556,0.000,9.741,0.082,0.000,21.044,22.614,20.807,19.822,15.515,15.338,13.729,14.971
3828288239.556,0.000,10.614,0.758,0.000,21.095,22.568,20.813,19.807,15.502,15.341,13.780,14.950
3828288240.510,0.000,10.773,1.395,3.182,21.097,22.492,20.854,19.832,15.519,15.352,13.730,14.965
3828288241.510,0.680,11.016,3.031,0.000,21.160,22.424,20.844,19.829,15.528,15.380,13.720,14.955
3828288242.510,0.000,10.770,2.669,0.000,21.181,22.550,20.823,19.831,15.497,15.359,13.735,14.938
3828288243.510,0.000,10.884,2.011,0.000,21.186,22.615,20.800,19.841,15.517,15.399,13.748,14.922
3828288244.510,0.263,10.845,2.361,0.000,21.225,22.580,20.811,19.881,15.491,15.342,13.741,14.948
3828288245.510,0.000,8.420,1.813,0.000,21.229,22.425,20.803,19.893,15.502,15.369,13.698,14.912
3828288246.510,0.000,10.991,2.070,0.000,21.286,22.352,20.813,19.844,15.506,15.345,13.717,14.930
3828288247.510,0.347,10.917,1.897,0.000,21.269,22.310,20.807,19.884,15.503,15.313,13.710,14.905
3828288248.510,0.637,8.216,2.120,0.000,21.332,22.380,20.777,19.879,15.507,15.338,13.767,14.882
3828288249.510,0.697,11.472,3.429,0.000,21.350,22.429,20.788,19.907,15.463,15.325,13.770,14.859
3828288250.510,0.076,10.196,1.277,3.182,21.414,22.354,20.809,19.771,15.438,15.342,13.791,14.904
3828288251.510,0.271,10.860,3.326,0.000,21.326,22.875,20.780,19.647,15.466,15.332,13.757,14.904
3828288252.510,0.744,9.876,0.042,0.000,21.021,24.675,20.893,18.797,15.451,15.316,13.789,14.900
3828288253.510,3.703,10.685,1.842,0.000,20.773,26.865,21.007,18.035,15.449,15.313,13.804,14.891
3828288254.510,5.978,10.865,1.920,0.000,20.559,29.308,21.049,18.080,15.434,15.365,13.813,14.900
3828288255.510,7.966,10.919,1.744,0.000,20.478,32.007,21.088,18.511,15.390,15.364,13.815,14.886
3828288256.510,8.169,10.416,1.915,0.000,20.421,34.215,21.121,18.744,15.407,15.332,13.805,14.896
3828288257.510,9.541,10.800,1.835,0.000,20.345,35.052,21.098,18.903,15.455,15.329,13.808,14.867
3828288258.510,8.952,11.815,3.713,0.000,20.315,33.930,21.117,19.152,15.469,15.333,13.809,14.855
3828288259.510,9.531,10.055,2.040,0.000,20.298,31.551,21.091,19.180,15.510,15.346,13.808,14.842
3828288260.524,8.976,10.199,2.099,3.182,20.291,29.235,21.165,19.370,15.717,15.267,13.828,14.838
3828288261.524,8.746,10.661,4.226,0.000,20.286,27.125,21.155,19.404,15.838,15.342,13.811,14.848
3828288262.524,9.248,11.023,2.980,0.000,20.296,25.581,21.157,19.314,15.961,15.356,13.825,14.867
3828288263.524,7.641,9.607,2.998,0.000,20.300,24.428,21.160,19.288,16.049,15.408,13.826,14.864
3828288264.524,7.578,10.590,1.757,0.000,20.291,23.635,21.164,19.312,16.126,15.511,13.817,14.874
3828288265.524,8.179,10.695,2.765,0.000,20.263,23.044,21.158,19.385,16.182,15.596,13.835,14.887
3828288266.524,8.231,10.164,2.203,0.000,20.285,22.695,21.154,19.256,16.212,15.714,13.824,14.936
3828288267.524,8.741,10.369,1.848,0.000,20.254,22.347,21.157,19.368,16.223,15.717,13.821,14.980
3828288268.524,8.816,10.966,2.109,0.000,20.243,22.117,21.150,19.367,16.309,15.776,13.837,14.968
3828288269.524,8.487,9.915,2.631,0.000,20.259,21.960,21.121,19.414,16.339,15.870,13.841,15.021
3828288270.460,8.529,10.797,3.208,3.182,20.268,21.785,21.160,19.424,16.372,15.877,13.824,15.062
3828288271.460,7.845,10.807,1.503,0.000,20.244,21.630,21.171,19.426,16.394,15.940,13.834,15.103
3828288272.460,5.249,10.555,2.530,0.000,20.255,21.517,21.142,19.397,16.404,15.961,13.855,15.118
3828288273.460,9.220,10.643,2.366,0.000,20.244,21.518,21.147,19.428,16.437,15.989,13.863,15.189
3828288274.460,8.251,10.572,2.683,0.000,20.210,21.456,21.152,19.456,16.481,15.998,13.843,15.229
3828288275.460,8.307,10.489,1.776,0.000,20.187,21.419,21.114,19.466,16.554,16.072,13.816,15.224
3828288276.460,8.798,10.671,2.070,0.000,20.201,21.339,21.127,19.484,16.546,16.120,13.872,15.262
3828288277.460,9.434,12.486,1.666,0.000,20.189,21.320,21.177,19.505,16.580,16.134,13.863,15.292
3828288278.460,8.531,11.529,5.291,0.000,20.119,21.293,21.156,19.531,16.648,16.169,13.855,15.331
3828288279.460,8.635,11.155,5.031,0.000,20.137,21.255,21.086,19.518,16.708,16.167,13.917,15.357
3828288280.480,8.655,10.318,2.922,3.182,20.110,21.208,21.136,19.527,16.729,16.185,13.896,15.376
3828288281.480,8.377,10.191,2.224,0.000,20.130,21.218,21.133,19.560,16.755,16.239,13.920,15.407
3828288282.480,8.798,10.590,3.114,0.000,20.087,21.139,21.194,19.521,16.811,16.236,13.915,15.402
3828288283.480,8.486,10.695,3.127,0.000,20.094,21.088,21.195,19.520,16.801,16.298,13.914,15.461
3828288284.480,7.484,10.363,0.000,0.000,20.099,21.058,21.273,19.470,16.817,16.303,13.886,15.501
3828288285.480,8.303,10.646,1.144,0.000,20.093,21.059,21.325,19.500,16.869,16.332,13.931,15.511
3828288286.480,7.972,10.640,1.315,0.000,20.067,21.022,21.374,19.550,16.906,16.383,13.940,15.523
3828288287.480,8.783,11.210,2.077,0.000,20.132,20.997,21.524,19.630,16.933,16.416,13.960,15.555
3828288288.480,13.352,10.819,2.510,0.000,20.154,20.969,21.661,19.619,16.964,16.387,13.969,15.587
3828288289.480,8.471,11.081,3.841,0.000,20.095,20.944,21.785,19.704,17.010,16.444,13.925,15.591
3828288290.479,9.187,10.798,2.648,3.182,20.081,20.910,21.943,19.962,17.009,16.443,13.879,15.630
3828288291.479,8.822,10.891,1.640,0.000,20.072,20.865,22.067,20.051,17.041,16.434,13.897,15.642
3828288292.479,8.841,10.619,3.185,0.000,20.048,20.868,22.148,20.181,17.077,16.436,13.876,15.665
3828288293.479,8.392,10.474,2.491,0.000,20.082,20.865,22.217,20.195,17.174,16.470,13.861,15.710
3828288294.479,8.885,10.846,2.285,0.000,20.092,20.878,22.237,20.288,17.169,16.520,13.910,15.726
3828288295.479,8.186,10.964,1.663,0.000,20.086,20.878,22.257,20.299,17.240,16.583,13.903,15.742
3828288296.479,8.797,11.879,2.694,0.000,20.082,20.874,22.306,20.355,17.291,16.635,13.860,15.778
3828288297.479,7.654,10.846,5.288,0.000,20.080,20.860,22.376,20.352,17.357,16.653,13.887,15.811
3828288298.479,9.242,10.957,2.833,0.000,20.074,20.833,22.381,20.388,17.406,16.729,13.866,15.788
3828288299.479,7.672,10.873,1.618,0.000,20.070,20.839,22.336,20.471,17.483,16.753,13.848,15.828
3828288300.491,7.878,10.777,5.337,3.182,20.082,20.883,22.220,20.540,17.451,16.782,13.884,15.868
3828288301.491,7.853,10.158,4.117,0.000,20.086,20.868,22.200,20.471,17.466,16.826,13.926,15.913
3828288302.491,7.859,10.829,2.979,0.000,20.071,20.854,22.234,20.596,17.500,16.824,13.923,15.935
3828288303.491,8.766,10.733,2.297,0.000,20.080,20.832,22.230,20.469,17.578,16.884,13.891,15.942
3828288304.491,9.457,10.358,2.247,0.000,20.084,20.805,22.183,20.494,17.593,16.909,13.888,15.986
3828288305.491,9.155,11.045,1.811,0.000,20.062,20.830,22.139,20.496,17.632,16.971,13.899,15.983
3828288306.491,8.006,10.507,2.361,0.000,20.114,20.807,22.150,20.506,17.663,16.981,13.897,16.008
3828288307.491,8.218,10.150,0.000,0.000,20.099,20.785,22.169,20.444,17.694,16.998,13.890,16.037
3828288308.491,8.351,10.298,2.223,0.000,20.105,20.771,22.168,20.530,17.673,17.014,13.945,16.073
3828288309.491,8.778,10.862,2.688,0.000,20.097,20.807,22.177,20.573,17.703,17.044,13.915,16.127
3828288310.510,7.604,10.962,2.124,3.182,20.140,20.791,22.244,20.418,17.763,17.071,13.903,16.128
3828288311.510,7.794,10.538,2.892,0.000,20.107,20.783,22.253,20.374,17.811,17.081,13.929,16.139
3828288312.510,8.024,10.962,1.407,0.000,20.087,20.790,22.222,20.493,17.834,17.098,13.901,16.179
3828288313.510,9.207,11.099,2.548,0.000,20.085,20.781,22.248,20.426,17.848,17.109,13.913,16.199
3828288314.510,9.393,12.468,1.899,0.000,20.126,20.809,22.207,20.533,17.891,17.170,13.916,16.209
3828288315.510,10.667,12.374,3.867,0.000,20.102,20.814,22.188,20.511,17.904,17.167,13.927,16.249
3828288316.510,9.848,11.161,1.760,0.000,20.150,20.803,22.177,20.495,17.916,17.146,13.924,16.264
3828288317.510,8.442,11.492,3.367,0.000,20.140,20.827,22.189,20.465,17.923,17.176,13.919,16.303
3828288318.510,10.118,11.036,2.527,0.000,20.130,20.799,22.173,20.480,17.945,17.201,13.911,16.328
3828288319.510,8.555,10.247,1.918,0.000,20.130,20.774,22.186,20.468,17.972,17.223,13.912,16.323
3828288320.526,8.610,10.825,2.005,3.182,20.177,20.843,22.178,20.428,17.963,17.302,13.931,16.427
3828288321.526,8.695,9.929,2.609,0.000,20.194,20.860,22.151,20.439,17.977,17.353,13.952,16.447
3828288322.526,8.679,10.457,2.704,0.000,20.171,20.842,22.163,20.422,18.013,17.350,13.933,16.416
3828288323.526,8.342,10.277,0.000,0.000,20.207,20.819,22.155,20.538,18.022,17.385,13.916,16.490
3828288324.526,7.978,10.765,2.605,0.000,20.213,20.843,22.150,20.467,18.018,17.415,13.953,16.495
3828288325.526,8.254,10.966,3.295,0.000,20.231,20.818,22.164,20.540,18.069,17.438,13.984,16.469
3828288326.526,4.445,11.452,1.934,0.000,20.205,20.831,22.142,20.517,18.087,17.446,13.962,16.480
3828288327.526,8.166,10.879,3.459,0.000,20.196,20.871,22.135,20.566,18.095,17.443,13.970,16.521
3828288328.526,8.475,10.776,2.179,0.000,20.226,20.887,22.133,20.520,18.115,17.475,13.996,16.546
3828288329.526,7.669,11.205,2.002,0.000,20.265,20.873,22.129,20.536,18.110,17.513,14.000,16.565
3828288330.447,8.448,9.440,1.887,3.182,20.208,20.932,22.107,20.536,18.117,17.522,13.929,16.656
3828288331.447,7.911,9.806,0.000,0.000,20.211,20.921,22.066,20.545,18.147,17.541,13.950,16.685
3828288332.447,8.451,10.781,2.726,0.000,20.190,20.945,22.069,20.539,18.197,17.546,13.932,16.669
3828288333.447,9.350,10.932,2.525,0.000,20.198,20.923,22.052,20.478,18.199,17.532,13.945,16.696
3828288334.447,7.833,10.480,2.647,0.000,20.208,20.917,22.037,20.428,18.205,17.581,13.957,16.712
3828288335.447,3.608,11.221,2.441,0.000,20.201,20.891,22.058,20.505,18.248,17.564,13.938,16.687
3828288336.447,5.860,11.473,2.473,0.000,20.220,20.915,22.047,20.424,18.182,17.611,13.964,16.716
3828288337.447,8.581,11.720,5.093,0.000,20.198,20.894,22.009,20.503,18.248,17.640,13.931,16.733
3828288338.447,8.033,10.902,0.852,0.000,20.244,20.897,22.057,20.443,18.226,17.634,13.924,16.748
3828288339.447,8.594,10.729,1.974,0.000,20.244,20.925,22.026,20.459,18.260,17.658,13.942,16.733
3828288340.470,8.062,10.702,1.261,3.182,20.209,20.923,22.072,20.540,18.240,17.639,13.963,16.749
3828288341.470,7.701,10.788,5.055,0.000,20.211,20.944,22.023,20.520,18.265,17.690,13.955,16.780
3828288342.470,9.456,11.854,1.385,0.000,20.234,20.951,22.067,20.522,18.276,17.669,13.959,16.823
3828288343.470,8.379,10.692,2.844,0.000,20.232,20.947,22.015,20.540,18.293,17.696,13.941,16.793
3828288344.470,8.839,9.971,2.425,0.000,20.206,20.933,22.007,20.538,18.325,17.681,13.941,16.818
3828288345.470,9.778,10.648,3.705,0.000,20.225,20.945,21.984,20.505,18.328,17.719,13.943,16.875
3828288346.470,8.284,10.476,2.430,0.000,20.261,20.910,21.949,20.535,18.375,17.722,13.951,16.832
3828288347.470,8.153,10.468,2.374,0.000,20.262,20.955,21.953,20.521,18.369,17.704,13.940,16.889
3828288348.470,4.752,10.788,2.941,0.000,20.299,20.940,21.900,20.510,18.371,17.760,13.978,16.881
3828288349.470,7.944,10.883,1.240,0.000,20.300,20.904,21.855,20.542,18.398,17.766,13.963,16.859
3828288350.494,8.622,10.869,1.858,3.182,20.308,20.894,21.857,20.538,18.474,17.848,13.959,16.833
3828288351.494,9.031,11.478,3.512,0.000,20.293,20.919,21.825,20.532,18.518,17.834,13.946,16.828
3828288352.494,9.731,10.556,1.652,0.000,20.309,20.945,21.840,20.566,18.509,17.857,13.959,16.868
3828288353.494,7.976,10.755,0.749,0.000,20.325,20.938,21.819,20.500,18.549,17.900,13.967,16.868
3828288354.494,9.743,10.567,0.202,0.000,20.330,20.949,21.834,20.572,18.509,17.858,13.936,16.844
3828288355.494,8.371,10.935,4.933,0.000,20.312,20.922,21.803,20.501,18.521,17.885,13.971,16.874
3828288356.494,8.816,10.912,1.787,0.000,20.298,20.975,21.855,20.489,18.502,17.841,13.972,16.884
3828288357.494,7.835,10.180,3.013,0.000,20.310,20.937,21.796,20.477,18.536,17.875,13.939,16.887
3828288358.494,6.020,11.575,2.914,0.000,20.330,20.986,21.786,20.478,18.546,17.911,13.974,16.933
3828288359.494,7.960,10.878,1.474,0.000,20.314,21.002,21.774,20.559,18.558,17.887,13.955,16.920
3828288360.472,7.033,11.197,1.988,3.182,20.286,20.973,21.858,20.501,18.578,17.881,13.888,16.881
3828288361.472,5.539,10.647,2.642,0.000,20.334,21.009,21.845,20.535,18.570,17.900,13.884,16.901
3828288362.472,8.626,10.505,2.410,0.000,20.294,20.988,21.860,20.552,18.595,17.892,13.875,16.900
3828288363.472,8.249,10.075,1.636,0.000,20.303,20.982,21.840,20.574,18.579,17.897,13.877,16.929
3828288364.472,8.002,10.359,2.719,0.000,20.314,20.993,21.831,20.417,18.622,17.895,13.876,16.910
3828288365.472,8.432,10.417,2.031,0.000,20.324,20.988,21.843,20.499,18.588,17.911,13.879,16.939
3828288366.472,8.598,10.334,2.507,0.000,20.300,20.979,21.822,20.486,18.632,17.903,13.845,16.909
3828288367.472,8.263,10.815,2.555,0.000,20.328,21.002,21.807,20.442,18.621,17.931,13.876,16.936
3828288368.472,9.532,10.910,3.591,0.000,20.297,21.010,21.778,20.476,18.594,17.911,13.862,16.940
3828288369.472,7.943,12.361,2.672,0.000,20.339,21.008,21.748,20.394,18.639,17.953,13.859,16.938
3828288370.464,8.609,10.918,1.298,3.182,20.369,20.984,21.771,20.505,18.736,17.909,13.953,16.932
3828288371.464,8.926,10.660,3.131,0.000,20.372,20.982,21.750,20.459,18.721,17.943,13.957,16.958
3828288372.464,7.779,10.970,2.562,0.000,20.359,20.971,21.764,20.471,18.733,17.925,13.938,16.982
3828288373.464,8.238,10.208,3.517,0.000,20.393,20.967,21.735,20.456,18.701,17.965,13.953,16.979
3828288374.464,9.454,11.505,1.536,0.000,20.362,20.981,21.741,20.465,18.668,17.946,13.948,17.017
3828288375.464,13.980,9.590,2.604,0.000,20.408,20.959,21.720,20.425,18.703,17.959,13.979,16.976
3828288376.464,8.711,10.963,2.459,0.000,20.361,20.961,21.734,20.449,18.707,17.973,13.945,17.002
3828288377.464,8.739,11.014,1.795,0.000,20.440,20.985,21.718,20.480,18.672,18.001,13.979,16.997
3828288378.464,7.797,10.622,2.010,0.000,20.390,21.009,21.733,20.416,18.676,17.998,13.942,16.997
3828288379.464,7.626,11.039,0.310,0.000,20.428,21.008,21.729,20.460,18.655,18.040,13.944,17.047
3828288380.504,9.295,10.606,2.229,3.182,20.446,21.075,21.749,20.398,18.686,18.014,13.942,17.024
3828288381.504,5.649,10.761,3.039,0.000,20.440,21.073,21.744,20.441,18.688,18.014,13.944,17.015
3828288382.504,8.296,9.852,2.076,0.000,20.459,21.053,21.724,20.465,18.694,18.058,13.952,17.025
3828288383.504,8.260,9.816,0.181,0.000,20.449,21.084,21.726,20.430,18.650,18.042,13.930,17.042
3828288384.504,7.799,10.697,4.036,0.000,20.437,21.124,21.690,20.447,18.664,18.008,13.934,17.038
3828288385.504,8.695,10.886,3.490,0.000,20.465,21.086,21.671,20.406,18.652,18.016,13.945,17.030
3828288386.504,8.833,9.327,1.761,0.000,20.490,21.095,21.674,20.452,18.624,17.997,13.977,17.059
3828288387.504,8.753,11.048,3.015,0.000,20.428,21.121,21.668,20.505,18.657,17.992,13.972,17.058
3828288388.504,8.088,10.888,1.571,0.000,20.448,21.088,21.645,20.468,18.692,17.978,13.968,17.020
3828288389.504,13.205,10.674,2.184,0.000,20.465,21.128,21.628,20.424,18.691,18.009,13.991,17.039
3828288390.542,7.811,10.724,1.359,3.182,20.443,21.123,21.712,20.378,18.655,17.952,13.946,17.037
3828288391.542,7.908,9.980,0.000,0.000,20.439,21.118,21.693,20.436,18.627,17.919,13.922,17.048
3828288392.542,9.011,10.999,2.362,0.000,20.433,21.110,21.654,20.400,18.641,17.934,13.908,17.039
3828288393.542,9.228,9.703,2.192,0.000,20.460,21.137,21.669,20.402,18.671,17.947,13.921,17.021
3828288394.542,8.339,11.016,2.767,0.000,20.440,21.160,21.654,20.278,18.660,17.920,13.938,17.044
3828288395.542,8.005,10.675,2.704,0.000,20.428,21.158,21.668,20.248,18.663,17.950,13.905,17.054
3828288396.542,8.945,11.771,2.756,0.000,20.398,21.112,21.647,20.452,18.675,17.978,13.892,17.030
3828288397.542,9.552,10.809,2.648,0.000,20.451,21.114,21.662,20.352,18.662,17.980,13.918,17.041
3828288398.542,9.831,10.676,3.354,0.000,20.456,21.108,21.694,20.286,18.692,17.975,13.936,17.034
3828288399.542,7.860,10.693,3.216,0.000,20.438,21.108,21.683,20.329,18.698,17.986,13.883,17.066
3828288400.578,7.856,10.664,0.484,3.182,20.556,21.124,21.641,20.360,18.614,18.008,13.941,17.112
3828288401.578,8.233,9.747,1.966,0.000,20.505,21.157,21.642,20.369,18.606,18.004,13.915,17.104
3828288402.578,8.243,10.545,1.794,0.000,20.540,21.137,21.623,20.316,18.635,18.027,13.932,17.099
3828288403.578,8.184,10.646,2.965,0.000,20.546,21.141,21.612,20.267,18.620,18.010,13.950,17.107
3828288404.578,7.753,10.553,0.546,0.000,20.575,21.176,21.614,20.330,18.604,17.996,13.930,17.128
3828288405.578,8.526,10.066,2.686,0.000,20.548,21.171,21.604,20.373,18.576,18.021,13.893,17.106
3828288406.578,8.686,10.533,3.106,0.000,20.531,21.165,21.541,20.388,18.595,18.024,13.902,17.129
3828288407.578,8.140,10.807,0.000,0.000,20.534,21.185,21.546,20.191,18.601,18.019,13.921,17.120
3828288408.578,7.740,10.668,1.846,0.000,20.559,21.195,21.540,20.258,18.602,18.050,13.936,17.121
3828288409.578,9.816,12.079,2.152,0.000,20.523,21.216,21.530,20.269,18.590,17.981,13.910,17.134
3828288410.657,5.168,10.729,2.350,3.182,20.482,21.180,21.628,20.325,18.673,17.995,13.888,17.063
3828288411.657,8.379,10.856,1.913,0.000,20.472,21.131,21.586,20.299,18.698,18.017,13.869,17.063
3828288412.657,8.814,8.374,0.898,0.000,20.485,21.148,21.576,20.237,18.702,18.019,13.893,17.073
3828288413.657,9.237,10.068,1.880,0.000,20.494,21.163,21.595,20.301,18.690,18.023,13.894,17.096
3828288414.657,8.720,10.783,3.581,0.000,20.476,21.203,21.580,20.380,18.702,18.021,13.888,17.099
3828288415.657,7.945,10.718,3.590,0.000,20.498,21.154,21.589,20.267,18.705,18.041,13.879,17.066
3828288416.657,9.440,10.831,2.247,0.000,20.487,21.167,21.535,20.354,18.734,18.027,13.905,17.079
3828288417.657,8.144,10.923,2.582,0.000,20.474,21.170,21.522,20.387,18.712,18.047,13.842,17.054
3828288418.657,7.991,10.767,1.903,0.000,20.503,21.158,21.530,20.345,18.710,18.043,13.846,17.058
3828288419.657,7.906,10.850,5.056,0.000,20.482,21.144,21.524,20.297,18.725,18.038,13.832,17.072
3828288420.669,7.586,10.693,1.831,3.182,20.507,21.158,21.523,20.370,18.788,18.003,13.939,17.065
3828288421.669,8.389,11.159,2.574,0.000,20.534,21.196,21.525,20.240,18.798,18.060,13.922,17.076
3828288422.669,8.777,10.797,2.963,0.000,20.524,21.141,21.501,20.305,18.762,18.010,13.912,17.079
3828288423.669,8.377,10.682,0.000,0.000,20.527,21.158,21.489,20.280,18.754,18.036,13.917,17.109
3828288424.669,8.585,10.545,2.486,0.000,20.535,21.142,21.531,20.210,18.746,18.042,13.956,17.102
3828288425.669,7.900,10.960,1.910,0.000,20.524,21.134,21.520,20.259,18.749,18.055,13.923,17.078
3828288426.669,7.694,10.411,5.500,0.000,20.535,21.141,21.504,20.339,18.725,18.073,13.925,17.125
3828288427.669,9.479,9.738,2.223,0.000,20.523,21.173,21.487,20.266,18.710,18.063,13.916,17.104
3828288428.669,8.201,10.640,2.240,0.000,20.526,21.197,21.475,20.263,18.732,18.058,13.925,17.092
3828288429.669,7.972,10.626,4.890,0.000,20.539,21.194,21.451,20.298,18.721,18.042,13.929,17.111
3828288430.716,7.619,10.827,1.997,3.182,20.535,21.196,21.487,20.270,18.663,18.028,13.932,17.123
3828288431.716,7.658,11.374,1.265,0.000,20.540,21.201,21.487,20.191,18.641,18.064,13.912,17.143
3828288432.716,8.320,12.247,2.843,0.000,20.588,21.215,21.459,20.232,18.617,18.035,13.899,17.175
3828288433.716,8.925,10.689,3.350,0.000,20.564,21.234,21.470,20.236,18.577,18.036,13.910,17.125
3828288434.716,10.115,11.163,2.078,0.000,20.605,21.215,21.495,20.279,18.559,18.020,13.887,17.144
3828288435.716,8.373,9.098,4.961,0.000,20.577,21.211,21.482,20.327,18.571,18.020,13.924,17.143
3828288436.716,8.128,12.059,5.300,0.000,20.527,21.205,21.482,20.265,18.612,18.018,13.909,17.179
3828288437.716,8.826,10.345,2.813,0.000,20.516,21.211,21.485,20.278,18.623,18.009,13.884,17.186
3828288438.716,9.490,10.214,2.011,0.000,20.528,21.250,21.460,20.189,18.630,18.022,13.887,17.167
3828288439.716,7.790,11.246,1.625,0.000,20.517,21.232,21.471,20.303,18.623,18.030,13.916,17.169
3828288440.694,9.943,10.909,0.688,3.182,20.534,21.246,21.484,20.292,18.603,18.016,13.886,17.195
3828288441.694,13.073,10.583,2.212,0.000,20.542,21.240,21.472,20.230,18.629,18.017,13.897,17.161
3828288442.694,8.407,10.168,1.379,0.000,20.526,21.242,21.490,20.262,18.603,18.004,13.894,17.148
3828288443.694,8.836,10.690,1.511,0.000,20.488,21.225,21.462,20.282,18.575,18.020,13.884,17.108
3828288444.694,9.971,10.967,0.783,0.000,20.531,21.208,21.506,20.214,18.581,18.043,13.914,17.084
3828288445.694,8.689,10.704,2.062,0.000,20.545,21.222,21.499,20.268,18.585,17.972,13.893,17.087
3828288446.694,9.740,10.636,2.025,0.000,20.524,21.256,21.474,20.295,18.582,18.016,13.898,17.087
3828288447.694,8.257,11.185,2.700,0.000,20.526,21.262,21.501,20.267,18.589,17.979,13.887,17.077
3828288448.694,9.878,10.608,3.299,0.000,20.501,21.263,21.510,20.327,18.577,17.992,13.853,17.102
3828288449.694,9.665,9.901,2.017,0.000,20.492,21.268,21.475,20.319,18.614,17.996,13.877,17.085
3828288450.715,5.427,11.676,2.248,3.182,20.506,21.210,21.459,20.316,18.694,18.018,13.922,17.075
3828288451.715,10.940,10.568,2.743,0.000,20.523,21.222,21.452,20.279,18.677,18.008,13.907,17.110
3828288452.715,6.914,10.673,1.466,0.000,20.518,21.204,21.452,20.272,18.659,18.015,13.920,17.075
3828288453.715,8.448,11.043,2.852,0.000,20.515,21.228,21.459,20.291,18.685,18.038,13.915,17.074
3828288454.715,7.763,10.761,1.404,0.000,20.503,21.197,21.438,20.232,18.669,18.031,13.926,17.078
3828288455.715,8.119,10.440,3.062,0.000,20.537,21.183,21.447,20.289,18.672,18.032,13.917,17.094
3828288456.715,11.849,9.317,2.566,0.000,20.530,21.221,21.448,20.225,18.654,18.026,13.901,17.100
3828288457.715,13.759,10.732,2.304,0.000,20.533,21.200,21.455,20.187,18.637,18.035,13.913,17.089
3828288458.715,6.157,11.028,2.734,0.000,20.541,21.207,21.443,20.280,18.668,18.023,13.929,17.091
3828288459.715,8.143,10.586,0.000,0.000,20.525,21.186,21.426,20.251,18.658,18.033,13.911,17.065
3828288460.686,7.752,10.936,1.974,3.182,20.527,21.217,21.465,20.251,18.562,18.014,13.905,17.061
3828288461.686,7.737,10.399,2.816,0.000,20.506,21.229,21.451,20.193,18.570,18.025,13.885,17.076
3828288462.686,9.960,10.578,2.599,0.000,20.529,21.199,21.434,20.256,18.560,18.029,13.861,17.103
3828288463.686,6.764,11.548,3.911,0.000,20.506,21.203,21.472,20.208,18.576,17.994,13.886,17.109
3828288464.686,8.011,10.537,3.934,0.000,20.494,21.233,21.450,20.300,18.573,18.015,13.875,17.132
3828288465.686,8.473,10.077,1.378,0.000,20.513,21.230,21.441,20.299,18.593,18.009,13.880,17.122
3828288466.686,8.350,10.077,2.235,0.000,20.530,21.231,21.469,20.283,18.590,18.001,13.884,17.132
3828288467.686,8.309,10.277,2.415,0.000,20.539,21.239,21.473,20.229,18.580,18.009,13.869,17.142
3828288468.686,8.022,10.286,3.307,0.000,20.524,21.226,21.448,20.224,18.606,18.039,13.865,17.151
3828288469.686,8.631,11.205,2.523,0.000,20.512,21.217,21.442,20.284,18.590,18.019,13.862,17.155
3828288470.731,8.186,10.620,2.438,3.182,20.586,21.214,21.466,20.295,18.529,18.011,13.898,17.122
3828288471.731,7.979,10.402,3.216,0.000,20.578,21.209,21.493,20.322,18.543,18.000,13.852,17.113
3828288472.731,7.025,10.560,2.252,0.000,20.606,21.191,21.485,20.333,18.564,17.995,13.854,17.117
3828288473.731,7.622,10.941,2.033,0.000,20.579,21.207,21.468,20.324,18.581,18.000,13.881,17.124
3828288474.731,9.985,10.864,1.063,0.000,20.588,21.196,21.467,20.414,18.577,18.017,13.870,17.101
3828288475.731,8.931,10.234,2.062,0.000,20.570,21.198,21.461,20.306,18.561,17.995,13.866,17.118
3828288476.731,9.291,9.770,2.397,0.000,20.587,21.198,21.476,20.339,18.569,18.022,13.866,17.145
3828288477.731,8.699,11.171,1.812,0.000,20.568,21.191,21.490,20.329,18.577,17.988,13.879,17.095
3828288478.731,8.265,10.308,3.291,0.000,20.556,21.179,21.475,20.318,18.555,18.010,13.874,17.124
3828288479.731,8.463,10.461,2.833,0.000,20.563,21.191,21.469,20.369,18.573,18.020,13.870,17.123
3828288480.711,8.739,10.646,0.076,3.182,20.503,21.171,21.494,20.278,18.666,17.941,13.867,17.046
3828288481.711,7.472,11.236,2.943,0.000,20.506,21.176,21.534,20.174,18.657,17.945,13.868,17.058
3828288482.711,7.869,10.852,1.845,0.000,20.493,21.215,21.479,20.293,18.638,17.948,13.880,17.046
3828288483.711,8.732,11.381,1.932,0.000,20.493,21.218,21.491,20.207,18.674,17.963,13.891,17.077
3828288484.711,8.452,9.914,0.000,0.000,20.512,21.189,21.533,20.244,18.665,17.937,13.871,17.056
3828288485.711,7.746,11.037,1.197,0.000,20.505,21.232,21.506,20.238,18.644,17.989,13.855,17.076
3828288486.711,8.611,11.016,3.138,0.000,20.528,21.173,21.539,20.132,18.653,17.992,13.856,17.050
3828288487.711,8.319,10.734,2.616,0.000,20.515,21.205,21.512,20.295,18.649,18.010,13.873,17.064
3828288488.711,8.711,10.552,3.205,0.000,20.526,21.199,21.494,20.237,18.679,18.037,13.845,17.035
3828288489.711,9.361,10.497,1.314,0.000,20.520,21.204,21.512,20.227,18.672,18.036,13.821,17.071
3828288490.639,9.157,10.756,2.044,3.182,20.534,21.227,21.452,20.223,18.630,18.016,13.936,17.067
3828288491.639,8.085,10.495,3.038,0.000,20.576,21.243,21.475,20.221,18.600,18.011,13.954,17.086
3828288492.639,8.818,9.744,2.541,0.000,20.594,21.235,21.478,20.217,18.616,17.994,13.955,17.088
3828288493.639,9.298,12.579,1.964,0.000,20.550,21.206,21.460,20.150,18.611,18.014,13.938,17.100
3828288494.639,8.501,12.243,2.781,0.000,20.512,21.211,21.429,20.167,18.596,18.013,13.886,17.138
3828288495.639,9.091,11.792,2.745,0.000,20.538,21.229,21.459,20.226,18.566,17.989,13.873,17.119
3828288496.639,9.049,11.146,1.164,0.000,20.604,21.243,21.479,20.230,18.577,18.008,13.901,17.112
3828288497.639,10.774,10.570,2.453,0.000,20.576,21.197,21.457,20.215,18.554,18.021,13.854,17.108
3828288498.639,9.000,10.294,2.579,0.000,20.551,21.198,21.463,20.265,18.579,17.974,13.876,17.155
3828288499.639,8.254,10.706,2.421,0.000,20.551,21.258,21.466,20.267,18.579,18.008,13.920,17.151
3828288500.653,8.057,10.259,3.806,3.182,20.492,21.159,21.455,20.294,18.716,18.047,13.810,17.058
3828288501.653,9.449,10.598,2.009,0.000,20.491,21.196,21.457,20.362,18.727,18.026,13.820,17.028
3828288502.653,8.569,10.148,2.943,0.000,20.499,21.221,21.471,20.414,18.713,17.994,13.858,17.017
3828288503.653,8.574,10.995,2.778,0.000,20.492,21.241,21.469,20.335,18.710,18.023,13.903,17.011
3828288504.653,7.867,10.867,4.125,0.000,20.451,21.181,21.430,20.314,18.749,18.032,13.869,17.000
3828288505.653,8.867,10.843,1.633,0.000,20.469,21.205,21.436,20.255,18.776,18.018,13.894,17.073
3828288506.653,8.451,10.129,1.369,0.000,20.494,21.177,21.471,20.296,18.765,18.018,13.882,16.989
3828288507.653,8.011,11.205,1.780,0.000,20.514,21.201,21.453,20.306,18.738,18.016,13.870,16.993
3828288508.653,8.206,10.279,0.137,0.000,20.537,21.176,21.464,20.279,18.765,18.019,13.899,17.030
3828288509.653,7.437,10.683,2.250,0.000,20.575,21.156,21.448,20.258,18.808,18.003,13.908,17.025
3828288510.646,8.389,10.764,1.411,3.182,20.553,21.176,21.474,20.249,18.611,18.014,13.923,17.089
3828288511.646,8.393,12.278,2.769,0.000,20.540,21.209,21.479,20.233,18.604,17.987,13.924,17.092
3828288512.646,9.617,10.946,2.271,0.000,20.565,21.215,21.480,20.240,18.593,18.011,13.887,17.143
3828288513.646,8.643,11.218,0.000,0.000,20.590,21.208,21.465,20.319,18.576,18.036,13.872,17.092
3828288514.646,8.046,10.909,0.183,0.000,20.583,21.192,21.453,20.362,18.576,18.029,13.874,17.084
3828288515.646,4.783,10.193,2.685,0.000,20.542,21.227,21.481,20.321,18.586,17.992,13.886,17.163
3828288516.646,8.797,10.765,1.567,0.000,20.551,21.248,21.483,20.283,18.569,17.997,13.893,17.162
3828288517.646,7.757,9.908,1.907,0.000,20.533,21.237,21.479,20.330,18.568,18.006,13.903,17.118
3828288518.646,8.290,10.933,0.000,0.000,20.531,21.234,21.446,20.352,18.565,18.021,13.872,17.079
3828288519.646,9.015,10.956,1.927,0.000,20.514,21.268,21.446,20.325,18.604,18.035,13.897,17.083
3828288520.676,9.478,10.654,2.282,3.182,20.555,21.244,21.474,20.170,18.675,18.025,13.905,17.083
3828288521.676,8.069,10.882,5.149,0.000,20.528,21.244,21.438,20.153,18.660,18.019,13.910,17.052
3828288522.676,8.721,10.731,2.566,0.000,20.534,21.251,21.483,20.169,18.658,18.022,13.943,17.081
3828288523.676,3.685,10.904,2.235,0.000,20.575,21.222,21.465,20.235,18.612,18.004,13.974,17.075
3828288524.676,9.911,10.452,3.651,0.000,20.552,21.214,21.467,20.228,18.623,18.007,13.916,17.041
3828288525.676,8.596,10.847,2.064,0.000,20.547,21.239,21.484,20.188,18.607,17.988,13.919,17.092
3828288526.676,7.899,10.842,1.349,0.000,20.564,21.248,21.471,20.147,18.622,18.022,13.966,17.090
3828288527.676,8.382,10.584,2.042,0.000,20.546,21.216,21.471,20.228,18.622,18.030,13.927,17.100
3828288528.676,7.704,10.826,0.878,0.000,20.580,21.220,21.488,20.113,18.612,17.992,13.902,17.136
3828288529.676,7.925,10.665,2.551,0.000,20.603,21.192,21.462,20.110,18.584,18.016,13.918,17.100
3828288530.660,8.011,10.744,1.499,3.182,20.567,21.157,21.458,20.215,18.710,18.057,13.917,17.088
3828288531.660,8.333,10.824,0.836,0.000,20.526,21.118,21.458,20.272,18.721,18.066,13.889,17.072
3828288532.660,7.568,10.406,2.757,0.000,20.517,21.176,21.463,20.272,18.691,18.060,13.903,17.100
3828288533.660,7.142,10.519,2.719,0.000,20.542,21.168,21.438,20.249,18.718,18.102,13.879,17.080
3828288534.660,9.014,10.499,4.092,0.000,20.517,21.157,21.467,20.265,18.717,18.066,13.913,17.084
3828288535.660,8.025,11.447,2.436,0.000,20.565,21.146,21.472,20.254,18.702,18.041,13.920,17.085
3828288536.660,7.836,10.254,2.466,0.000,20.550,21.145,21.426,20.221,18.697,18.066,13.915,17.102
3828288537.660,7.755,11.061,1.045,0.000,20.511,21.155,21.452,20.279,18.707,18.055,13.904,17.068
3828288538.660,9.176,12.649,3.006,0.000,20.516,21.149,21.453,20.241,18.713,18.061,13.882,17.081
3828288539.660,6.138,10.069,2.313,0.000,20.510,21.156,21.495,20.270,18.714,18.049,13.909,17.095
3828288540.657,9.585,10.713,2.057,3.182,20.492,21.242,21.454,20.316,18.605,18.042,13.869,17.072
3828288541.657,8.403,8.396,1.617,0.000,20.508,21.214,21.474,20.307,18.561,17.987,13.904,17.091
3828288542.657,7.754,11.235,2.033,0.000,20.524,21.231,21.468,20.232,18.546,17.991,13.912,17.112
3828288543.657,7.937,10.442,1.655,0.000,20.526,21.251,21.453,20.275,18.544,18.027,13.910,17.116
3828288544.657,6.934,11.108,1.711,0.000,20.521,21.251,21.453,20.266,18.554,18.018,13.909,17.128
3828288545.657,8.829,10.741,2.195,0.000,20.542,21.259,21.461,20.274,18.572,18.042,13.916,17.159
3828288546.657,8.789,10.696,1.997,0.000,20.537,21.250,21.438,20.283,18.570,18.041,13.925,17.165
3828288547.657,8.729,10.781,2.040,0.000,20.555,21.254,21.462,20.241,18.610,18.020,13.898,17.150
3828288548.657,8.743,10.541,3.339,0.000,20.560,21.191,21.456,20.218,18.603,18.026,13.927,17.126
3828288549.657,8.260,10.159,1.590,0.000,20.574,21.193,21.523,20.266,18.593,18.005,13.925,17.092
3828288550.597,8.438,11.016,2.008,3.182,20.518,21.253,21.454,20.266,18.622,17.985,13.918,17.090
3828288551.597,8.567,10.685,1.921,0.000,20.499,21.289,21.450,20.242,18.629,17.998,13.899,17.062
3828288552.597,9.916,11.097,1.356,0.000,20.540,21.250,21.465,20.302,18.613,17.989,13.902,17.071
3828288553.597,9.531,10.978,1.783,0.000,20.498,21.247,21.465,20.301,18.567,18.013,13.914,17.099
3828288554.597,9.849,10.662,0.395,0.000,20.522,21.216,21.471,20.337,18.544,18.024,13.920,17.129
3828288555.597,8.912,11.069,3.088,0.000,20.532,21.224,21.474,20.237,18.585,18.038,13.903,17.136
3828288556.597,7.906,10.836,1.916,0.000,20.515,21.232,21.465,20.225,18.591,18.057,13.919,17.169
3828288557.597,8.742,11.008,2.886,0.000,20.547,21.205,21.482,20.295,18.579,18.024,13.905,17.148
3828288558.597,7.853,10.752,3.561,0.000,20.562,21.187,21.499,20.173,18.566,18.015,13.948,17.106
3828288559.597,8.086,10.539,2.339,0.000,20.587,21.221,21.484,20.268,18.568,18.016,13.947,17.121
3828288560.642,9.382,10.702,2.095,3.182,20.516,21.160,21.509,20.247,18.661,18.030,13.888,17.073
3828288561.642,9.599,10.812,3.064,0.000,20.528,21.147,21.523,20.214,18.667,17.971,13.928,17.073
3828288562.642,8.067,10.733,0.000,0.000,20.514,21.167,21.489,20.289,18.657,17.966,13.899,17.053
3828288563.642,8.986,10.842,2.083,0.000,20.530,21.169,21.524,20.306,18.647,17.948,13.902,17.071
3828288564.642,8.393,10.620,3.085,0.000,20.500,21.219,21.535,20.267,18.620,17.989,13.925,17.050
3828288565.642,8.722,8.539,1.669,0.000,20.517,21.198,21.492,20.324,18.617,18.010,13.932,17.066
3828288566.642,8.090,10.361,0.000,0.000,20.497,21.213,21.499,20.241,18.609,17.993,13.939,17.039
3828288567.642,8.012,10.844,1.634,0.000,20.489,21.207,21.474,20.312,18.635,17.994,13.937,17.069
3828288568.642,3.552,10.984,1.566,0.000,20.485,21.252,21.486,20.298,18.626,17.984,13.906,17.079
3828288569.642,8.580,10.153,3.290,0.000,20.491,21.266,21.477,20.292,18.628,17.966,13.916,17.065
3828288570.655,8.651,10.148,3.999,3.182,20.527,21.288,21.443,20.312,18.633,18.012,13.896,17.081
3828288571.655,8.155,10.723,1.809,0.000,20.516,21.248,21.481,20.397,18.614,18.038,13.924,17.064
3828288572.655,8.087,10.824,1.735,0.000,20.515,21.243,21.498,20.322,18.607,18.001,13.940,17.094
3828288573.655,7.601,10.013,3.151,0.000,20.539,21.232,21.492,20.336,18.539,18.013,13.941,17.114
3828288574.655,7.770,10.548,2.571,0.000,20.530,21.246,21.464,20.281,18.559,18.022,13.941,17.143
3828288575.655,8.597,8.784,1.934,0.000,20.536,21.248,21.447,20.328,18.589,18.018,13.942,17.152
3828288576.655,8.904,10.631,3.490,0.000,20.525,21.208,21.470,20.241,18.610,18.048,13.934,17.197
3828288577.655,5.654,10.675,2.059,0.000,20.543,21.182,21.447,20.267,18.621,18.045,13.924,17.174
3828288578.655,8.223,10.571,2.488,0.000,20.524,21.195,21.470,20.223,18.577,18.049,13.889,17.146
3828288579.655,9.293,12.588,3.526,0.000,20.562,21.180,21.463,20.284,18.581,18.026,13.938,17.125
3828288580.684,6.693,11.158,2.121,3.182,20.502,21.173,21.457,20.390,18.713,18.058,13.883,17.078
3828288581.684,8.227,10.244,2.015,0.000,20.499,21.164,21.479,20.319,18.722,18.027,13.922,17.064
3828288582.684,7.894,10.556,2.118,0.000,20.512,21.159,21.497,20.270,18.719,18.064,13.926,17.049
3828288583.684,9.620,12.151,1.381,0.000,20.536,21.159,21.499,20.343,18.695,18.043,13.923,17.051
3828288584.684,7.787,10.087,3.900,0.000,20.519,21.147,21.515,20.254,18.678,18.061,13.931,17.071
3828288585.684,8.237,10.982,2.322,0.000,20.528,21.165,21.540,20.261,18.686,18.076,13.910,17.074
3828288586.684,8.698,10.757,2.543,0.000,20.524,21.191,21.552,20.296,18.678,18.036,13.944,17.090
3828288587.684,7.924,10.664,1.520,0.000,20.547,21.178,21.515,20.273,18.682,18.033,13.945,17.115
3828288588.684,8.685,10.372,2.949,0.000,20.504,21.167,21.556,20.316,18.666,17.999,13.946,17.118
3828288589.684,8.297,10.534,2.111,0.000,20.491,21.138,21.516,20.268,18.656,17.995,13.960,17.096
3828288590.646,8.564,10.200,2.437,3.182,20.519,21.212,21.422,20.178,18.689,18.084,14.004,17.117
3828288591.646,7.717,10.946,1.181,0.000,20.520,21.211,21.448,20.174,18.688,18.066,13.965,17.131
3828288592.646,9.037,9.558,2.593,0.000,20.538,21.148,21.444,20.228,18.712,18.075,13.990,17.102
3828288593.646,8.261,10.742,2.029,0.000,20.511,21.175,21.435,20.251,18.682,18.075,13.960,17.101
3828288594.646,8.549,10.395,3.343,0.000,20.534,21.186,21.431,20.262,18.700,18.047,13.969,17.153
3828288595.646,9.884,10.443,3.419,0.000,20.560,21.186,21.458,20.245,18.704,18.049,13.985,17.112
3828288596.646,7.399,9.892,0.000,0.000,20.540,21.193,21.438,20.272,18.722,18.068,13.969,17.111
3828288597.646,8.827,10.819,1.386,0.000,20.520,21.173,21.453,20.211,18.721,18.055,13.958,17.101
3828288598.646,8.380,10.953,3.994,0.000,20.544,21.169,21.457,20.291,18.680,18.059,14.006,17.124
3828288599.646,4.764,10.555,2.542,0.000,20.534,21.175,21.446,20.266,18.712,18.075,13.987,17.103
3828288600.730,8.708,10.854,2.036,3.182,20.459,21.219,21.455,20.384,18.738,18.084,13.943,17.056
3828288601.730,7.736,10.681,1.766,0.000,20.477,21.204,21.467,20.294,18.737,18.036,13.978,17.047
3828288602.730,8.903,10.686,2.855,0.000,20.501,21.196,21.469,20.261,18.733,18.042,14.011,17.049
3828288603.730,8.000,10.666,1.347,0.000,20.467,21.183,21.452,20.272,18.757,18.064,13.962,17.044
3828288604.730,8.342,10.075,1.909,0.000,20.480,21.193,21.476,20.334,18.736,18.036,13.934,17.068
3828288605.730,9.820,10.397,1.934,0.000,20.477,21.192,21.469,20.225,18.722,18.073,13.949,17.083
3828288606.730,7.844,10.717,2.956,0.000,20.493,21.175,21.475,20.184,18.756,18.075,13.918,17.075
3828288607.730,8.943,10.310,1.941,0.000,20.488,21.191,21.460,20.233,18.709,18.070,13.881,17.086
3828288608.730,9.092,12.473,3.920,0.000,20.521,21.207,21.491,20.214,18.688,18.053,13.939,17.113
3828288609.730,7.662,11.779,3.122,0.000,20.549,21.204,21.483,20.285,18.722,18.078,13.962,17.100
3828288610.758,8.067,10.750,1.566,3.182,20.507,21.183,21.440,20.244,18.740,18.078,13.993,17.106
3828288611.758,8.895,10.939,3.189,0.000,20.528,21.179,21.430,20.262,18.721,18.049,13.969,17.096
3828288612.758,8.093,10.627,1.108,0.000,20.525,21.197,21.467,20.240,18.726,18.076,13.963,17.108
3828288613.758,8.997,10.466,2.931,0.000,20.541,21.188,21.444,20.224,18.730,18.100,13.983,17.117
3828288614.758,8.138,10.972,1.784,0.000,20.544,21.121,21.472,20.244,18.748,18.080,14.000,17.108
3828288615.758,7.838,10.457,3.136,0.000,20.552,21.127,21.446,20.242,18.743,18.089,14.004,17.103
3828288616.758,10.023,10.597,3.375,0.000,20.549,21.193,21.445,20.191,18.746,18.079,13.999,17.130
3828288617.758,8.337,11.994,4.106,0.000,20.515,21.168,21.470,20.266,18.804,18.072,14.004,17.092
3828288618.758,9.067,10.982,1.906,0.000,20.544,21.129,21.448,20.264,18.815,18.081,13.996,17.058
3828288619.758,9.461,10.588,2.137,0.000,20.503,21.127,21.449,20.263,18.796,18.080,13.958,17.033
3828288620.733,8.559,10.401,3.487,3.182,20.539,21.198,21.468,20.200,18.639,18.037,14.002,17.158
3828288621.733,8.603,10.695,2.998,0.000,20.530,21.219,21.484,20.207,18.616,18.033,14.028,17.152
3828288622.733,8.329,10.473,2.065,0.000,20.573,21.217,21.456,20.213,18.630,18.039,14.084,17.148
3828288623.733,8.263,10.349,3.243,0.000,20.529,21.217,21.452,20.140,18.641,18.039,14.084,17.105
3828288624.733,3.709,10.988,1.722,0.000,20.556,21.226,21.469,20.226,18.654,18.054,14.052,17.099
3828288625.733,8.387,10.898,2.514,0.000,20.530,21.244,21.470,20.254,18.633,18.054,14.045,17.117
3828288626.733,7.871,10.495,2.910,0.000,20.528,21.226,21.459,20.272,18.673,18.055,14.033,17.120
3828288627.733,8.237,10.420,2.856,0.000,20.533,21.223,21.437,20.292,18.682,18.066,14.034,17.164
3828288628.733,8.019,10.916,2.605,0.000,20.535,21.195,21.400,20.289,18.706,18.077,14.024,17.153
3828288629.733,7.989,10.546,1.752,0.000,20.523,21.177,21.411,20.285,18.699,18.108,14.017,17.143
3828288630.745,7.977,11.088,4.129,3.182,20.526,21.229,21.431,20.381,18.671,18.153,14.014,17.138
3828288631.745,9.953,11.025,1.823,0.000,20.519,21.192,21.439,20.327,18.715,18.143,14.022,17.126
3828288632.745,7.899,10.599,2.570,0.000,20.562,21.171,21.405,20.342,18.768,18.124,14.018,17.110
3828288633.745,7.767,10.764,1.393,0.000,20.550,21.153,21.429,20.274,18.707,18.121,14.025,17.136
3828288634.745,8.792,11.064,1.898,0.000,20.527,21.161,21.432,20.415,18.735,18.107,14.011,17.122
3828288635.745,9.730,10.669,2.950,0.000,20.543,21.125,21.438,20.301,18.724,18.128,14.017,17.146
3828288636.745,7.839,10.702,3.060,0.000,20.509,21.106,21.452,20.311,18.742,18.106,13.997,17.126
3828288637.745,7.923,10.928,2.650,0.000,20.517,21.100,21.472,20.388,18.773,18.082,14.007,17.128
3828288638.745,3.879,10.900,1.846,0.000,20.520,21.156,21.459,20.312,18.779,18.037,14.032,17.132
3828288639.745,7.700,10.633,3.213,0.000,20.518,21.187,21.468,20.357,18.800,18.095,13.985,17.123
3828288640.741,7.670,10.767,1.455,3.182,20.509,21.264,21.461,20.241,18.634,18.026,13.998,17.105
3828288641.741,7.925,10.817,1.824,0.000,20.491,21.240,21.489,20.243,18.594,18.081,13.996,17.103
3828288642.741,7.909,10.572,3.079,0.000,20.517,21.225,21.460,20.258,18.600,18.032,14.005,17.161
3828288643.741,8.287,11.263,2.164,0.000,20.538,21.241,21.492,20.242,18.599,18.056,14.012,17.218
3828288644.741,8.738,10.841,1.961,0.000,20.539,21.230,21.456,20.129,18.612,18.060,14.039,17.248
3828288645.741,8.496,10.825,0.653,0.000,20.571,21.219,21.478,20.220,18.590,18.045,14.011,17.168
3828288646.741,9.587,10.776,2.687,0.000,20.586,21.191,21.477,20.216,18.617,18.079,14.014,17.133
3828288647.741,9.169,11.161,1.818,0.000,20.593,21.191,21.469,20.244,18.624,18.072,13.997,17.160
3828288648.741,9.187,11.780,3.087,0.000,20.558,21.183,21.468,20.142,18.622,18.059,14.028,17.171
3828288649.741,8.208,10.873,2.742,0.000,20.552,21.170,21.488,20.122,18.624,18.075,14.034,17.179
3828288650.788,7.561,10.917,0.887,3.182,20.515,21.212,21.491,20.259,18.697,18.031,14.031,17.108
3828288651.788,7.464,11.010,2.008,0.000,20.489,21.265,21.470,20.324,18.656,18.006,14.037,17.132
3828288652.788,8.221,10.775,2.436,0.000,20.508,21.268,21.491,20.282,18.634,18.024,14.021,17.145
3828288653.788,8.328,10.170,0.000,0.000,20.529,21.273,21.475,20.265,18.628,18.032,14.044,17.116
3828288654.788,8.238,8.787,1.693,0.000,20.521,21.247,21.459,20.319,18.622,18.060,14.053,17.125
3828288655.788,8.483,10.698,2.062,0.000,20.530,21.204,21.495,20.286,18.596,18.088,14.032,17.111
3828288656.788,8.379,10.801,0.764,0.000,20.519,21.201,21.490,20.346,18.603,18.049,14.038,17.130
3828288657.788,9.014,10.972,1.949,0.000,20.499,21.226,21.486,20.268,18.619,18.043,14.014,17.158
3828288658.788,7.937,10.708,2.547,0.000,20.499,21.229,21.472,20.290,18.600,18.043,13.991,17.176
3828288659.788,8.790,10.392,2.562,0.000,20.521,21.233,21.482,20.236,18.624,18.059,14.015,17.208
3828288660.816,9.831,10.518,1.593,3.182,20.518,21.184,21.500,20.340,18.733,18.065,14.011,17.139
3828288661.816,8.723,10.392,3.094,0.000,20.506,21.202,21.482,20.293,18.704,18.062,14.011,17.137
3828288662.816,7.177,11.053,1.435,0.000,20.521,21.208,21.527,20.203,18.688,18.074,14.005,17.153
3828288663.816,7.522,10.764,5.290,0.000,20.524,21.189,21.528,20.193,18.688,18.066,14.006,17.140
3828288664.816,7.596,10.978,1.687,0.000,20.539,21.169,21.536,20.302,18.706,18.035,13.998,17.099
3828288665.816,7.599,10.824,1.241,0.000,20.539,21.174,21.552,20.248,18.700,18.061,14.028,17.144
3828288666.816,9.626,10.648,2.261,0.000,20.528,21.191,21.514,20.254,18.688,18.027,14.035,17.144
3828288667.816,8.867,10.695,2.728,0.000,20.545,21.156,21.489,20.293,18.698,18.016,14.064,17.148
3828288668.816,9.054,12.159,3.919,0.000,20.512,21.173,21.480,20.255,18.680,17.988,14.035,17.155
3828288669.816,14.780,10.600,2.421,0.000,20.534,21.188,21.508,20.261,18.656,18.002,14.072,17.139
