3828286871.852,9.004,11.058,2.723,3.182,20.013,20.631,20.916,19.746,18.173,17.443,12.647,16.357
3828286872.852,9.087,11.028,1.464,0.000,19.992,20.632,20.891,19.731,18.202,17.431,12.659,16.368
3828286873.852,8.409,12.356,2.709,0.000,20.021,20.679,20.921,19.663,18.235,17.378,12.628,16.326
3828286874.852,8.713,10.811,1.730,0.000,20.012,20.630,20.917,19.692,18.213,17.387,12.652,16.258
3828286875.852,9.294,8.237,1.673,0.000,19.943,20.678,20.889,19.695,18.211,17.430,12.599,16.276
3828286876.852,7.718,11.121,1.866,0.000,19.916,20.682,20.894,19.659,18.231,17.408,12.601,16.294
3828286877.852,7.698,10.168,2.781,0.000,19.966,20.675,20.923,19.633,18.189,17.372,12.579,16.283
3828286878.852,8.285,10.227,2.979,0.000,19.975,20.683,20.925,19.752,18.162,17.368,12.578,16.264
3828286879.852,8.167,10.747,1.914,0.000,19.987,20.646,20.903,19.678,18.162,17.376,12.518,16.267
3828286880.852,8.595,10.956,2.804,0.000,19.998,20.662,20.896,19.671,18.138,17.374,12.472,16.294
3828286896.013,9.917,11.284,2.210,3.182,20.040,20.591,20.910,19.694,18.140,17.405,12.550,16.327
3828286897.013,8.089,10.414,2.552,0.000,20.025,20.634,20.904,19.795,18.173,17.365,12.551,16.311
3828286898.013,6.111,11.474,2.599,0.000,20.012,20.674,20.895,19.705,18.200,17.371,12.540,16.282
3828286899.013,7.788,10.634,0.696,0.000,20.031,20.644,20.891,19.793,18.170,17.344,12.522,16.213
3828286900.013,9.194,11.432,1.801,0.000,19.984,20.659,20.903,19.745,18.139,17.357,12.507,16.219
3828286901.013,8.342,10.543,2.129,0.000,19.945,20.674,20.893,19.747,18.167,17.352,12.490,16.243
3828286902.013,10.010,11.202,3.422,0.000,19.969,20.679,20.898,19.937,18.124,17.349,12.454,16.199
3828286903.013,8.249,10.477,1.990,0.000,20.000,20.652,20.895,19.839,18.117,17.364,12.415,16.253
3828286904.013,5.297,11.062,2.334,0.000,19.956,20.651,20.901,19.792,18.084,17.346,12.379,16.245
3828286905.013,8.071,9.769,4.918,0.000,19.996,20.666,20.910,19.862,18.104,17.326,12.391,16.232
3828286906.024,7.687,10.986,1.785,3.182,19.985,20.685,20.898,19.743,18.061,17.263,12.411,16.219
3828286907.024,8.100,10.631,2.301,0.000,20.003,20.700,20.948,19.737,18.029,17.311,12.400,16.216
3828286908.024,8.638,10.719,2.615,0.000,19.985,20.687,20.930,19.728,18.033,17.276,12.407,16.248
3828286909.024,7.707,10.223,2.922,0.000,20.010,20.757,20.912,19.716,18.008,17.249,12.397,16.222
3828286910.024,9.036,10.919,1.585,0.000,20.006,20.686,20.887,19.708,17.967,17.304,12.362,16.226
3828286911.024,9.261,9.752,2.271,0.000,20.000,20.717,20.937,19.671,17.946,17.294,12.371,16.258
3828286912.024,9.609,10.927,2.565,0.000,20.032,20.708,20.896,19.710,17.950,17.297,12.336,16.318
3828286913.024,8.173,9.491,1.316,0.000,20.062,20.716,20.911,19.626,17.963,17.280,12.368,16.276
3828286914.024,9.280,10.524,2.080,0.000,20.069,20.681,20.925,19.651,17.987,17.259,12.322,16.221
3828286915.024,8.604,10.334,1.214,0.000,20.018,20.679,20.899,19.539,17.992,17.289,12.354,16.231
3828286915.977,8.436,10.277,2.808,3.182,19.992,20.683,20.874,19.707,18.045,17.297,12.304,16.197
3828286916.977,8.251,10.724,1.358,0.000,20.018,20.709,20.879,19.682,18.079,17.357,12.272,16.178
3828286917.977,7.896,10.813,1.787,0.000,20.017,20.726,20.847,19.689,18.054,17.327,12.273,16.213
3828286918.977,8.165,10.338,0.000,0.000,20.017,20.657,20.884,19.693,18.077,17.289,12.249,16.176
3828286919.977,8.739,10.694,2.062,0.000,20.015,20.627,20.897,19.683,18.035,17.294,12.267,16.173
3828286920.977,9.112,12.617,3.074,0.000,20.013,20.690,20.895,19.699,18.093,17.250,12.242,16.146
3828286921.977,7.858,10.577,2.682,0.000,19.995,20.660,20.892,19.719,18.133,17.263,12.224,16.113
3828286922.977,7.980,10.788,3.367,0.000,19.993,20.668,20.914,19.722,18.086,17.238,12.253,16.072
3828286923.977,8.397,10.997,2.135,0.000,19.960,20.712,20.917,19.717,18.087,17.219,12.216,16.056
3828286924.977,5.714,9.976,1.821,0.000,19.934,20.658,20.901,19.722,18.110,17.261,12.192,16.102
3828286925.979,7.762,10.737,1.247,3.182,20.010,20.676,20.901,19.663,18.102,17.246,12.198,16.107
3828286926.979,10.854,10.757,2.263,0.000,19.989,20.652,20.909,19.716,18.066,17.218,12.199,16.086
3828286927.979,7.676,10.773,5.500,0.000,19.966,20.634,20.905,19.693,18.074,17.237,12.185,16.030
3828286928.979,8.982,10.913,5.500,0.000,19.942,20.672,20.875,19.701,18.112,17.236,12.159,16.067
3828286929.979,7.644,10.910,2.105,0.000,19.942,20.652,20.888,19.718,18.047,17.248,12.174,16.061
3828286930.979,8.022,10.785,0.000,0.000,19.970,20.699,20.914,19.834,18.026,17.209,12.126,16.063
3828286931.979,6.300,10.994,2.532,0.000,19.931,20.651,20.923,19.757,18.030,17.230,12.090,16.065
3828286932.979,8.731,10.811,2.999,0.000,19.971,20.665,20.881,19.690,18.015,17.208,12.078,16.067
3828286933.979,9.333,9.854,2.177,0.000,19.992,20.695,20.924,19.736,17.981,17.186,12.094,16.089
3828286934.979,7.486,10.655,2.838,0.000,19.952,20.658,20.969,19.696,17.991,17.191,12.058,16.039
3828286936.011,7.951,10.058,2.446,3.182,19.957,20.683,20.911,19.804,17.996,17.210,12.034,16.051
3828286937.011,8.713,10.813,1.776,0.000,19.991,20.662,20.926,19.641,17.984,17.201,12.082,16.027
3828286938.011,8.600,10.766,1.781,0.000,19.975,20.678,20.984,19.638,17.945,17.173,12.047,16.034
3828286939.011,8.479,10.890,0.767,0.000,19.935,20.685,20.970,19.672,17.938,17.095,12.043,16.019
3828286940.011,8.641,8.594,2.008,0.000,19.982,20.674,20.918,19.636,17.924,17.108,12.072,16.030
3828286941.011,8.309,10.744,2.407,0.000,19.977,20.682,20.965,19.661,17.911,17.121,12.044,16.043
3828286942.011,8.526,9.946,3.191,0.000,19.954,20.711,20.927,19.697,17.906,17.114,12.040,16.033
3828286943.011,8.681,11.137,3.789,0.000,19.987,20.737,20.931,19.655,17.872,17.090,12.044,16.045
3828286944.011,11.349,10.725,0.178,0.000,19.966,20.729,20.920,19.673,17.865,17.138,12.018,15.990
3828286945.011,9.273,10.821,2.353,0.000,19.985,20.681,20.920,19.680,17.835,17.145,12.037,16.023
3828286946.009,9.211,11.175,2.893,3.182,19.995,20.707,20.911,19.595,17.876,17.163,12.082,16.006
3828286947.009,8.425,10.900,2.009,0.000,19.972,20.697,20.903,19.631,17.913,17.141,12.024,15.986
3828286948.009,8.095,10.706,0.421,0.000,20.008,20.709,20.878,19.578,17.929,17.156,12.063,15.970
3828286949.009,8.891,10.401,1.946,0.000,19.969,20.731,20.907,19.627,17.936,17.147,12.050,15.973
3828286950.009,8.646,11.149,4.440,0.000,19.979,20.682,20.850,19.635,17.939,17.156,12.032,15.968
3828286951.009,4.836,10.484,2.855,0.000,19.972,20.657,20.849,19.609,17.949,17.194,11.982,15.945
3828286952.009,8.770,10.836,1.958,0.000,20.010,20.661,20.892,19.633,17.951,17.204,12.009,15.990
3828286953.009,7.826,11.008,1.481,0.000,19.987,20.641,20.876,19.561,17.951,17.166,11.978,15.946
3828286954.009,8.373,11.016,0.821,0.000,19.991,20.627,20.885,19.575,17.930,17.137,11.976,15.948
3828286955.009,7.772,10.715,1.886,0.000,19.994,20.601,20.885,19.578,17.933,17.164,11.984,15.954
3828286955.978,4.696,11.055,1.385,3.182,20.001,20.625,20.886,19.776,17.942,17.150,11.959,15.945
3828286956.978,9.560,10.457,1.338,0.000,19.974,20.649,20.856,19.786,17.908,17.154,11.926,15.928
3828286957.978,8.731,10.525,2.224,0.000,19.976,20.615,20.886,19.694,17.948,17.154,11.964,15.921
3828286958.978,8.853,10.783,3.918,0.000,19.994,20.607,20.912,19.731,17.939,17.145,11.948,15.947
3828286959.978,7.971,10.773,1.068,0.000,19.995,20.594,20.906,19.676,17.966,17.125,11.948,15.923
3828286960.978,8.277,10.598,1.562,0.000,20.032,20.597,20.905,19.692,17.939,17.103,11.953,15.921
3828286961.978,8.257,9.962,1.872,0.000,20.007,20.585,20.903,19.661,18.010,17.063,11.977,15.915
3828286962.978,8.941,11.252,2.037,0.000,19.979,20.658,20.894,19.759,17.978,17.049,11.928,15.918
3828286963.978,7.813,10.495,3.066,0.000,20.006,20.637,20.923,19.738,17.969,17.083,11.952,15.850
3828286964.978,8.591,10.384,3.065,0.000,19.982,20.616,20.896,19.700,17.969,17.065,11.942,15.783
3828286965.944,8.128,10.629,2.579,3.182,19.947,20.646,20.911,19.649,17.888,17.068,11.851,15.894
3828286966.944,8.846,10.811,1.564,0.000,19.945,20.648,20.914,19.724,17.894,17.077,11.847,15.881
3828286967.944,8.278,10.597,2.362,0.000,19.968,20.661,20.923,19.770,17.905,17.077,11.890,15.855
3828286968.944,8.730,10.807,2.193,0.000,19.985,20.661,20.931,19.698,17.873,17.046,11.938,15.879
3828286969.944,8.414,10.980,2.818,0.000,19.939,20.635,20.953,19.703,17.879,17.054,11.890,15.888
3828286970.944,8.635,10.400,3.142,0.000,19.992,20.635,20.980,19.675,17.875,17.041,11.889,15.855
3828286971.944,9.607,10.789,1.872,0.000,19.967,20.674,21.009,19.671,17.837,17.012,11.904,15.869
3828286972.944,5.403,11.213,2.385,0.000,19.992,20.642,20.981,19.640,17.863,17.016,11.915,15.825
3828286973.944,6.633,10.580,1.946,0.000,19.951,20.674,20.946,19.650,17.833,16.988,11.923,15.853
3828286974.944,9.468,10.544,2.064,0.000,19.956,20.630,20.937,19.659,17.849,16.963,11.917,15.812
3828286975.946,9.875,10.814,2.017,3.182,19.968,20.633,20.899,19.812,17.862,17.049,11.910,15.834
3828286976.946,7.352,10.508,1.980,0.000,19.957,20.612,20.938,19.687,17.866,16.991,11.911,15.827
3828286977.946,8.929,10.892,2.990,0.000,19.976,20.610,20.940,19.770,17.876,17.039,11.903,15.800
3828286978.946,8.166,10.564,1.833,0.000,19.965,20.635,20.954,19.695,17.834,16.977,11.886,15.860
3828286979.946,8.099,10.972,0.014,0.000,19.967,20.597,20.989,19.685,17.841,17.017,11.883,15.814
3828286980.946,9.150,10.985,2.247,0.000,19.949,20.676,20.995,19.635,17.818,16.957,11.932,15.812
3828286981.946,7.851,11.189,1.683,0.000,19.975,20.640,20.931,19.747,17.824,16.932,11.942,15.810
3828286982.946,8.122,10.555,2.859,0.000,19.964,20.650,20.935,19.691,17.796,16.949,11.910,15.825
3828286983.946,7.703,10.869,4.430,0.000,19.949,20.623,20.926,19.705,17.808,16.987,11.944,15.787
3828286984.946,8.735,10.599,2.155,0.000,19.943,20.690,20.925,19.694,17.795,16.975,11.917,15.838
3828286985.962,8.462,10.780,2.168,3.182,19.970,20.624,20.986,19.594,17.818,16.932,11.929,15.775
3828286986.962,8.821,8.224,1.564,0.000,19.943,20.667,20.925,19.531,17.760,16.923,11.944,15.806
3828286987.962,7.113,11.396,2.537,0.000,19.943,20.638,20.936,19.594,17.795,16.960,11.942,15.812
3828286988.962,8.485,8.274,1.905,0.000,19.931,20.631,20.979,19.566,17.763,16.957,11.938,15.771
3828286989.962,7.871,10.716,0.000,0.000,19.951,20.686,20.930,19.543,17.750,16.973,11.966,15.819
3828286990.962,8.733,10.489,2.136,0.000,19.920,20.688,20.931,19.629,17.776,16.961,11.942,15.792
3828286991.962,8.376,10.370,1.952,0.000,19.958,20.733,20.896,19.601,17.729,16.973,11.946,15.812
3828286992.962,8.801,10.685,2.107,0.000,19.937,20.666,20.922,19.636,17.675,16.961,11.955,15.823
3828286993.962,3.806,11.043,1.904,0.000,19.954,20.631,20.921,19.584,17.691,16.980,11.952,15.813
3828286994.962,7.881,10.924,1.749,0.000,19.948,20.673,20.912,19.562,17.702,16.964,11.983,15.893
3828286995.993,8.223,10.626,1.302,3.182,19.967,20.659,20.928,19.498,17.732,16.998,11.972,15.890
3828286996.993,8.021,10.410,2.713,0.000,19.987,20.644,20.932,19.565,17.679,16.981,11.980,15.888
3828286997.993,7.286,11.394,2.715,0.000,19.994,20.633,20.921,19.510,17.712,16.989,11.967,15.809
3828286998.993,9.142,10.874,3.045,0.000,19.994,20.662,20.928,19.478,17.721,16.991,12.004,15.863
3828286999.993,3.816,10.892,1.711,0.000,19.961,20.642,20.908,19.537,17.729,17.005,12.020,15.810
3828287000.993,10.142,10.488,0.958,0.000,19.972,20.620,20.889,19.487,17.759,16.993,12.030,15.811
3828287001.993,7.827,10.360,3.104,0.000,19.942,20.651,20.922,19.563,17.740,16.964,12.036,15.837
3828287002.993,8.538,12.360,2.622,0.000,19.953,20.620,20.888,19.640,17.743,16.984,12.021,15.783
3828287003.993,8.670,9.998,1.003,0.000,19.958,20.635,20.895,19.624,17.800,16.967,12.028,15.801
3828287004.993,8.734,10.604,2.031,0.000,19.932,20.656,20.879,19.565,17.756,16.990,12.043,15.796
3828287005.977,8.546,11.087,5.102,3.182,19.977,20.597,20.850,19.652,17.806,17.052,12.000,15.798
3828287006.977,8.357,10.574,2.463,0.000,19.930,20.590,20.872,19.660,17.811,16.992,12.004,15.787
3828287007.977,7.822,10.953,3.321,0.000,19.940,20.586,20.904,19.569,17.810,17.002,12.005,15.796
3828287008.977,8.645,10.812,2.300,0.000,19.944,20.590,20.903,19.628,17.834,17.001,12.049,15.799
3828287009.977,8.140,10.792,1.209,0.000,19.919,20.596,20.858,19.591,17.876,16.965,12.056,15.767
3828287010.977,8.273,9.719,0.000,0.000,19.927,20.614,20.881,19.618,17.893,16.987,12.026,15.748
3828287011.977,8.825,10.764,2.093,0.000,19.932,20.585,20.941,19.646,17.843,16.950,12.035,15.687
3828287012.977,8.009,10.788,3.561,0.000,19.888,20.647,20.915,19.647,17.850,16.989,12.046,15.733
3828287013.977,8.197,10.214,2.550,0.000,19.884,20.620,20.887,19.631,17.881,16.994,12.052,15.765
3828287014.977,8.445,11.936,1.755,0.000,19.876,20.629,20.919,19.632,17.852,16.962,12.035,15.756
3828287015.992,8.088,9.838,0.000,3.182,19.909,20.642,20.930,19.599,17.757,16.916,12.048,15.766
3828287016.992,8.488,10.609,1.392,0.000,19.920,20.606,20.952,19.570,17.734,16.918,12.040,15.758
3828287017.992,8.508,10.127,4.200,0.000,19.931,20.669,20.936,19.542,17.689,16.923,12.087,15.790
3828287018.992,9.661,10.519,2.411,0.000,19.927,20.668,20.908,19.570,17.694,16.931,12.060,15.764
3828287019.992,8.396,11.769,0.226,0.000,19.885,20.675,20.890,19.643,17.704,16.976,12.054,15.770
3828287020.992,8.630,11.644,5.100,0.000,19.927,20.620,20.905,19.548,17.662,16.963,12.094,15.795
3828287021.992,7.813,10.762,0.814,0.000,19.920,20.620,20.931,19.606,17.636,16.938,12.078,15.785
3828287022.992,9.621,11.368,0.801,0.000,19.938,20.678,20.935,19.577,17.659,16.946,12.111,15.864
3828287023.992,8.879,10.767,3.851,0.000,19.960,20.657,20.893,19.517,17.683,16.955,12.117,15.877
3828287024.992,7.996,10.095,2.355,0.000,19.952,20.644,20.881,19.602,17.697,16.996,12.132,15.859
3828287026.014,9.490,9.099,1.937,3.182,19.918,20.589,20.926,19.768,17.786,16.973,12.086,15.787
3828287027.014,8.632,10.347,3.278,0.000,19.928,20.599,20.926,19.774,17.802,16.982,12.091,15.770
3828287028.014,7.679,11.213,0.939,0.000,19.952,20.615,20.949,19.605,17.765,16.997,12.096,15.772
3828287029.014,8.240,11.065,1.919,0.000,19.931,20.633,20.980,19.691,17.743,16.955,12.114,15.759
3828287030.014,9.124,10.956,2.910,0.000,19.915,20.595,20.975,19.647,17.755,16.897,12.126,15.756
3828287031.014,8.175,10.461,3.425,0.000,19.947,20.593,20.949,19.647,17.769,16.913,12.139,15.754
3828287032.014,8.765,12.498,2.491,0.000,19.930,20.591,20.933,19.654,17.780,16.945,12.144,15.772
3828287033.014,7.601,11.198,1.615,0.000,19.942,20.603,20.923,19.600,17.747,16.902,12.173,15.777
3828287034.014,8.707,10.629,2.107,0.000,19.911,20.590,20.927,19.571,17.716,16.900,12.156,15.791
3828287035.014,10.006,11.213,2.067,0.000,19.927,20.593,20.919,19.734,17.751,16.880,12.155,15.771
3828287036.009,8.377,10.416,3.192,3.182,19.936,20.608,20.810,19.652,17.761,16.992,12.234,15.804
3828287037.009,8.059,9.672,2.080,0.000,19.925,20.620,20.796,19.719,17.751,16.998,12.252,15.822
3828287038.009,7.736,11.213,1.601,0.000,19.942,20.630,20.833,19.707,17.758,16.972,12.232,15.838
3828287039.009,8.883,10.955,1.701,0.000,19.896,20.607,20.835,19.656,17.749,17.004,12.197,15.825
3828287040.009,9.346,11.259,1.538,0.000,19.911,20.578,20.853,19.695,17.780,17.016,12.200,15.826
3828287041.009,8.056,10.864,1.697,0.000,19.948,20.583,20.877,19.705,17.782,17.009,12.208,15.791
3828287042.009,8.998,10.755,1.762,0.000,19.940,20.581,20.858,19.741,17.744,17.040,12.220,15.813
3828287043.009,8.525,10.125,3.066,0.000,19.909,20.600,20.835,19.685,17.803,17.011,12.224,15.813
3828287044.009,7.800,11.787,2.544,0.000,19.930,20.597,20.864,19.671,17.780,17.000,12.242,15.826
3828287045.009,8.403,11.190,2.057,0.000,19.882,20.613,20.851,19.720,17.783,16.998,12.240,15.808
3828287046.081,8.560,12.078,4.835,3.182,19.922,20.655,20.874,19.646,17.690,16.937,12.257,15.832
3828287047.081,8.160,10.618,2.406,0.000,19.918,20.680,20.885,19.675,17.697,16.950,12.267,15.831
3828287048.081,5.897,10.048,3.085,0.000,19.906,20.642,20.858,19.721,17.685,16.971,12.299,15.804
3828287049.081,7.935,10.582,2.396,0.000,19.904,20.614,20.869,19.626,17.639,16.975,12.275,15.841
3828287050.081,6.314,10.721,1.412,0.000,19.920,20.625,20.906,19.667,17.621,16.956,12.323,15.808
3828287051.081,8.649,10.723,2.021,0.000,19.918,20.639,20.909,19.702,17.624,16.950,12.314,15.874
3828287052.081,9.669,10.551,0.000,0.000,19.902,20.595,20.889,19.689,17.624,16.957,12.321,15.872
3828287053.081,8.590,11.725,2.908,0.000,19.915,20.623,20.903,19.633,17.638,16.966,12.325,15.896
3828287054.081,9.087,10.774,2.345,0.000,19.910,20.624,20.893,19.578,17.658,16.979,12.307,15.856
3828287055.081,7.865,10.400,4.080,0.000,19.880,20.605,20.870,19.606,17.674,16.967,12.331,15.864
3828287056.092,9.656,12.252,1.424,3.182,19.959,20.621,20.886,19.593,17.704,16.973,12.446,15.857
3828287057.092,7.733,10.559,3.285,0.000,19.964,20.599,20.912,19.585,17.711,16.969,12.440,15.853
3828287058.092,9.633,11.047,1.222,0.000,19.926,20.587,20.886,19.595,17.700,16.958,12.427,15.867
3828287059.092,8.744,10.856,3.055,0.000,19.932,20.615,20.913,19.562,17.690,16.985,12.445,15.843
3828287060.092,8.571,10.988,0.000,0.000,19.954,20.605,20.889,19.547,17.705,16.972,12.466,15.880
3828287061.092,8.087,10.412,2.960,0.000,19.925,20.599,20.902,19.646,17.730,16.971,12.474,15.852
3828287062.092,8.162,11.814,1.271,0.000,19.973,20.575,20.884,19.558,17.710,16.959,12.477,15.882
3828287063.092,8.726,11.252,4.109,0.000,19.918,20.582,20.894,19.528,17.737,16.978,12.481,15.851
3828287064.092,10.005,10.799,2.016,0.000,19.926,20.604,20.875,19.641,17.731,16.988,12.473,15.832
3828287065.092,7.896,11.019,2.045,0.000,19.951,20.596,20.853,19.569,17.708,16.991,12.488,15.860
3828287066.116,8.740,10.814,2.863,3.182,19.914,20.595,20.779,19.577,17.770,17.000,12.485,15.881
3828287067.116,8.197,10.660,0.000,0.000,19.859,20.618,20.823,19.553,17.783,16.985,12.468,15.883
3828287068.116,8.623,10.975,4.054,0.000,19.902,20.609,20.823,19.648,17.759,16.995,12.481,15.858
3828287069.116,7.288,11.136,2.222,0.000,19.921,20.598,20.834,19.519,17.778,17.012,12.503,15.863
3828287070.116,8.403,8.528,2.108,0.000,19.896,20.608,20.869,19.561,17.754,16.988,12.494,15.878
3828287071.116,9.141,11.035,4.457,0.000,19.854,20.586,20.867,19.631,17.766,16.978,12.477,15.889
3828287072.116,8.619,10.754,1.874,0.000,19.905,20.561,20.851,19.548,17.749,17.011,12.523,15.907
3828287073.116,7.934,10.612,1.639,0.000,19.884,20.581,20.885,19.559,17.741,16.978,12.526,15.875
3828287074.116,7.629,10.091,4.165,0.000,19.940,20.576,20.842,19.558,17.743,17.045,12.578,15.875
3828287075.116,7.839,10.577,1.815,0.000,19.944,20.609,20.859,19.593,17.718,17.011,12.591,15.900
3828287076.104,8.182,10.591,1.780,3.182,19.885,20.591,20.853,19.590,17.791,17.020,12.564,15.875
3828287077.104,8.983,10.656,2.626,0.000,19.900,20.581,20.841,19.528,17.759,17.037,12.563,15.932
3828287078.104,7.680,10.596,1.173,0.000,19.914,20.611,20.870,19.572,17.743,17.034,12.559,15.919
3828287079.104,7.597,10.077,2.990,0.000,19.921,20.576,20.850,19.552,17.758,17.043,12.571,15.928
3828287080.104,8.477,11.035,5.121,0.000,19.883,20.590,20.883,19.551,17.723,16.998,12.605,15.907
3828287081.104,8.156,10.547,2.502,0.000,19.908,20.574,20.832,19.539,17.774,17.032,12.645,15.893
3828287082.104,10.715,11.111,2.763,0.000,19.905,20.632,20.876,19.605,17.738,16.995,12.637,15.928
3828287083.104,7.726,10.984,1.707,0.000,19.918,20.587,20.848,19.619,17.736,17.027,12.676,15.901
3828287084.104,9.077,10.727,2.432,0.000,19.925,20.582,20.863,19.564,17.713,17.010,12.649,15.938
3828287085.104,8.064,10.688,3.612,0.000,19.925,20.571,20.871,19.551,17.736,17.024,12.651,15.912
3828287086.123,8.333,11.083,2.073,3.182,19.947,20.575,20.853,19.603,17.746,17.044,12.695,15.938
3828287087.123,7.868,10.377,2.871,0.000,19.905,20.558,20.877,19.612,17.749,17.028,12.642,15.934
3828287088.123,9.081,11.193,2.301,0.000,19.920,20.578,20.870,19.580,17.723,17.032,12.667,15.953
3828287089.123,7.859,10.903,0.905,0.000,19.937,20.568,20.880,19.614,17.725,17.035,12.642,15.978
3828287090.123,7.648,11.108,1.987,0.000,19.927,20.557,20.854,19.539,17.716,17.049,12.652,15.996
3828287091.123,9.689,10.922,0.578,0.000,19.945,20.595,20.896,19.667,17.692,17.036,12.630,15.975
3828287092.123,8.207,10.516,0.212,0.000,19.989,20.558,20.880,19.656,17.680,17.080,12.690,15.962
3828287093.123,10.029,11.434,1.931,0.000,19.904,20.558,20.836,19.736,17.730,17.048,12.658,16.021
3828287094.123,7.662,10.730,0.694,0.000,19.936,20.600,20.858,19.600,17.708,17.047,12.675,16.069
3828287095.123,7.906,10.982,1.761,0.000,19.918,20.552,20.875,19.716,17.707,17.063,12.682,16.016
3828287096.084,7.921,10.661,1.252,3.182,19.876,20.552,20.852,19.526,17.890,17.055,12.681,15.859
3828287097.084,7.651,10.959,1.072,0.000,19.896,20.554,20.872,19.520,17.870,17.092,12.727,15.881
3828287098.084,9.939,10.417,2.754,0.000,19.868,20.518,20.868,19.555,17.895,17.060,12.720,15.878
3828287099.084,8.060,10.895,0.000,0.000,19.883,20.547,20.872,19.530,17.907,17.076,12.737,15.940
3828287100.084,10.139,9.980,3.121,0.000,19.889,20.566,20.859,19.587,17.915,17.063,12.723,15.959
3828287101.084,8.254,9.432,2.921,0.000,19.911,20.511,20.860,19.530,17.886,17.080,12.775,15.980
3828287102.084,9.832,12.345,1.687,0.000,19.881,20.489,20.837,19.570,17.877,17.120,12.738,15.970
3828287103.084,8.108,9.998,1.082,0.000,19.882,20.558,20.862,19.575,17.869,17.103,12.762,16.011
3828287104.084,4.329,10.780,1.752,0.000,19.914,20.520,20.862,19.577,17.859,17.110,12.776,15.989
3828287105.084,8.176,11.420,2.725,0.000,19.908,20.493,20.825,19.578,17.869,17.139,12.792,15.970
3828287106.081,10.746,10.660,2.874,3.182,19.934,20.596,20.841,19.513,17.754,17.074,12.829,16.017
3828287107.081,8.932,10.812,1.836,0.000,19.908,20.557,20.877,19.494,17.757,17.068,12.844,16.014
3828287108.081,8.231,10.705,1.944,0.000,19.922,20.555,20.841,19.447,17.782,17.098,12.845,16.001
3828287109.081,9.009,10.750,2.157,0.000,19.895,20.562,20.838,19.556,17.774,17.107,12.835,16.014
3828287110.081,9.339,10.529,2.808,0.000,19.892,20.603,20.864,19.586,17.756,17.088,12.847,16.030
3828287111.081,9.271,11.051,1.545,0.000,19.901,20.565,20.852,19.560,17.776,17.075,12.852,16.044
3828287112.081,9.015,11.084,2.226,0.000,19.924,20.519,20.848,19.561,17.775,17.094,12.883,16.026
3828287113.081,5.720,11.280,2.234,0.000,19.908,20.553,20.852,19.583,17.795,17.091,12.927,16.021
3828287114.081,8.014,10.893,1.726,0.000,19.900,20.557,20.847,19.542,17.774,17.089,12.921,16.030
3828287115.081,9.203,10.910,3.237,0.000,19.901,20.557,20.839,19.586,17.806,17.100,12.943,16.032
3828287116.106,8.519,10.452,1.903,3.182,19.851,20.557,20.842,19.544,17.813,17.123,12.878,16.085
3828287117.106,9.018,10.823,2.754,0.000,19.883,20.588,20.826,19.541,17.798,17.105,12.910,16.048
3828287118.106,8.063,10.656,2.431,0.000,19.845,20.580,20.835,19.511,17.819,17.116,12.928,16.033
3828287119.106,8.496,10.424,3.705,0.000,19.861,20.535,20.819,19.557,17.859,17.116,12.945,16.025
3828287120.106,8.743,10.862,4.774,0.000,19.883,20.588,20.812,19.545,17.861,17.103,12.961,16.081
3828287121.106,9.011,10.776,2.600,0.000,19.871,20.583,20.812,19.486,17.833,17.154,12.943,16.085
3828287122.106,8.268,11.247,5.376,0.000,19.880,20.565,20.783,19.472,17.837,17.207,12.926,16.077
3828287123.106,7.748,10.572,1.294,0.000,19.862,20.594,20.832,19.633,17.856,17.225,12.934,16.054
3828287124.106,7.926,10.566,2.903,0.000,19.883,20.543,20.821,19.583,17.879,17.150,12.958,16.061
3828287125.106,9.198,12.240,3.874,0.000,19.893,20.546,20.817,19.537,17.880,17.167,12.972,16.103
3828287126.172,9.639,10.493,0.096,3.182,19.873,20.466,20.866,19.593,17.954,17.142,12.975,16.080
3828287127.172,10.502,11.334,5.101,0.000,19.870,20.503,20.844,19.598,17.967,17.141,12.950,16.062
3828287128.172,8.332,10.692,2.039,0.000,19.890,20.545,20.867,19.560,17.963,17.137,12.952,16.031
3828287129.172,8.952,11.081,2.586,0.000,19.851,20.542,20.833,19.606,17.932,17.148,12.995,16.020
3828287130.172,7.808,10.746,3.091,0.000,19.852,20.553,20.861,19.601,17.932,17.140,13.000,15.991
3828287131.172,8.020,10.533,4.395,0.000,19.816,20.587,20.817,19.585,17.965,17.149,13.009,16.015
3828287132.172,9.532,10.430,1.817,0.000,19.812,20.572,20.815,19.634,17.959,17.155,13.023,16.070
3828287133.172,7.878,10.381,2.152,0.000,19.815,20.512,20.843,19.652,17.937,17.154,13.006,16.057
3828287134.172,8.310,11.153,2.089,0.000,19.844,20.538,20.847,19.690,17.917,17.167,13.004,16.047
3828287135.172,6.078,10.847,2.941,0.000,19.857,20.508,20.834,19.726,17.916,17.166,13.008,16.058
3828287136.240,5.617,11.030,1.772,3.182,19.844,20.584,20.810,19.581,17.874,17.160,13.091,16.136
3828287137.240,7.639,11.005,2.120,0.000,19.875,20.591,20.780,19.550,17.861,17.183,13.067,16.131
3828287138.240,8.098,10.530,3.200,0.000,19.874,20.566,20.761,19.561,17.875,17.177,13.079,16.174
3828287139.240,9.950,11.059,1.868,0.000,19.896,20.599,20.792,19.570,17.871,17.209,13.064,16.159
3828287140.240,4.913,10.887,0.000,0.000,19.880,20.583,20.831,19.552,17.900,17.246,13.060,16.147
3828287141.240,9.539,10.549,0.970,0.000,19.881,20.577,20.832,19.609,17.924,17.237,13.079,16.153
3828287142.240,7.881,10.409,2.576,0.000,19.869,20.554,20.824,19.622,17.928,17.236,13.062,16.171
3828287143.240,8.105,11.312,1.887,0.000,19.844,20.539,20.787,19.623,17.931,17.264,13.079,16.157
3828287144.240,9.100,10.914,1.754,0.000,19.873,20.544,20.776,19.587,17.938,17.228,13.079,16.162
3828287145.240,7.798,10.880,1.956,0.000,19.894,20.556,20.793,19.510,17.924,17.182,13.087,16.165
3828287146.283,7.761,10.340,0.127,3.182,19.888,20.518,20.775,19.710,17.874,17.198,13.126,16.182
3828287147.283,8.734,10.670,3.154,0.000,19.865,20.542,20.776,19.663,17.874,17.188,13.138,16.167
3828287148.283,8.963,8.852,2.018,0.000,19.884,20.536,20.773,19.702,17.908,17.191,13.168,16.173
3828287149.283,8.922,10.895,3.062,0.000,19.907,20.553,20.758,19.697,17.893,17.219,13.142,16.218
3828287150.283,8.792,11.122,2.430,0.000,19.854,20.543,20.757,19.696,17.919,17.232,13.157,16.182
3828287151.283,7.985,11.099,1.685,0.000,19.920,20.554,20.760,19.691,17.927,17.267,13.127,16.195
3828287152.283,9.178,10.901,0.195,0.000,19.865,20.590,20.804,19.680,17.910,17.290,13.140,16.212
3828287153.283,7.552,11.021,1.037,0.000,19.865,20.537,20.797,19.655,17.903,17.314,13.119,16.208
3828287154.283,8.319,11.032,0.304,0.000,19.892,20.551,20.789,19.630,17.928,17.324,13.150,16.213
3828287155.283,8.533,10.757,1.908,0.000,19.886,20.553,20.784,19.713,17.942,17.263,13.159,16.236
3828287156.249,8.951,10.822,2.221,3.182,19.868,20.526,20.814,19.600,17.875,17.158,13.122,16.188
3828287157.249,8.401,11.017,3.428,0.000,19.875,20.527,20.884,19.628,17.856,17.178,13.140,16.183
3828287158.249,8.127,11.290,3.445,0.000,19.853,20.524,20.847,19.642,17.878,17.169,13.143,16.186
3828287159.249,9.496,11.999,1.213,0.000,19.834,20.534,20.835,19.640,17.882,17.182,13.143,16.177
3828287160.249,8.111,10.931,0.501,0.000,19.877,20.576,20.832,19.552,17.856,17.165,13.157,16.224
3828287161.249,8.667,10.846,2.947,0.000,19.871,20.587,20.822,19.638,17.849,17.173,13.168,16.219
3828287162.249,13.944,10.686,2.585,0.000,19.884,20.558,20.811,19.687,17.861,17.227,13.147,16.197
3828287163.249,7.753,11.072,2.001,0.000,19.864,20.555,20.806,19.558,17.829,17.228,13.181,16.257
3828287164.249,14.224,10.203,2.338,0.000,19.859,20.572,20.848,19.613,17.820,17.245,13.153,16.276
3828287165.249,8.574,8.185,3.219,0.000,19.862,20.574,20.813,19.657,17.853,17.250,13.165,16.286
3828287166.228,10.047,10.768,1.910,3.182,19.807,20.505,20.792,19.657,18.019,17.281,13.186,16.227
3828287167.228,10.138,11.177,1.979,0.000,19.830,20.522,20.805,19.780,18.030,17.252,13.166,16.198
3828287168.228,8.130,10.528,0.000,0.000,19.861,20.552,20.807,19.724,17.976,17.269,13.171,16.210
3828287169.228,8.195,10.546,1.844,0.000,19.816,20.510,20.809,19.708,17.974,17.262,13.127,16.239
3828287170.228,7.380,10.422,0.745,0.000,19.840,20.502,20.817,19.676,17.967,17.233,13.129,16.204
3828287171.228,7.638,10.896,2.976,0.000,19.848,20.517,20.798,19.717,17.961,17.290,13.124,16.220
3828287172.228,8.681,10.848,1.554,0.000,19.880,20.525,20.832,19.714,17.963,17.264,13.170,16.246
3828287173.228,7.857,10.797,1.067,0.000,19.868,20.519,20.850,19.699,17.965,17.260,13.150,16.273
3828287174.228,7.630,10.131,4.340,0.000,19.847,20.547,20.857,19.638,17.962,17.259,13.098,16.254
3828287175.228,9.248,12.355,3.741,0.000,19.862,20.532,20.876,19.553,17.935,17.238,13.162,16.255
3828287176.288,7.769,10.469,2.550,3.182,19.887,20.479,20.754,19.746,17.980,17.316,13.194,16.266
3828287177.288,8.769,10.711,1.795,0.000,19.883,20.489,20.795,19.722,18.004,17.285,13.197,16.282
3828287178.288,8.887,10.826,2.936,0.000,19.883,20.476,20.812,19.690,18.060,17.298,13.187,16.241
3828287179.288,9.592,10.002,2.281,0.000,19.875,20.516,20.821,19.697,18.071,17.287,13.213,16.256
3828287180.288,8.604,10.552,2.614,0.000,19.870,20.490,20.818,19.654,18.070,17.295,13.210,16.253
3828287181.288,8.878,11.334,2.235,0.000,19.855,20.528,20.795,19.768,18.006,17.286,13.193,16.229
3828287182.288,7.910,10.359,1.933,0.000,19.834,20.521,20.776,19.696,18.039,17.265,13.209,16.145
3828287183.288,8.475,11.300,0.282,0.000,19.862,20.554,20.795,19.746,18.026,17.282,13.171,16.192
3828287184.288,3.735,11.189,1.594,0.000,19.841,20.507,20.804,19.702,18.055,17.263,13.183,16.219
3828287185.288,12.381,11.419,2.672,0.000,19.815,20.528,20.762,19.708,18.046,17.297,13.211,16.285
3828287186.324,9.084,11.175,2.114,3.182,19.893,20.551,20.762,19.610,17.962,17.318,13.187,16.321
3828287187.324,7.742,10.707,1.053,0.000,19.866,20.543,20.821,19.689,17.969,17.331,13.187,16.318
3828287188.324,8.777,10.735,2.008,0.000,19.861,20.492,20.775,19.649,18.011,17.397,13.195,16.272
3828287189.324,7.996,10.594,2.736,0.000,19.907,20.523,20.792,19.635,17.973,17.357,13.185,16.337
3828287190.324,8.937,10.765,2.442,0.000,19.860,20.536,20.763,19.648,17.980,17.339,13.157,16.317
3828287191.324,8.987,10.354,1.650,0.000,19.872,20.514,20.767,19.694,18.016,17.309,13.163,16.312
3828287192.324,4.984,11.290,2.413,0.000,19.885,20.536,20.754,19.637,17.998,17.293,13.192,16.336
3828287193.324,8.041,10.756,2.021,0.000,19.873,20.518,20.786,19.706,18.001,17.354,13.173,16.302
3828287194.324,8.181,10.840,0.000,0.000,19.901,20.497,20.813,19.606,18.015,17.334,13.182,16.334
3828287195.324,8.115,8.389,2.050,0.000,19.877,20.485,20.789,19.648,18.003,17.345,13.170,16.278
3828287196.321,8.266,10.404,0.039,3.182,19.905,20.541,20.818,19.605,17.914,17.273,13.132,16.340
3828287197.321,8.554,10.891,2.197,0.000,19.912,20.534,20.824,19.609,17.955,17.297,13.201,16.355
3828287198.321,8.577,10.965,1.723,0.000,19.901,20.557,20.825,19.576,17.897,17.319,13.158,16.361
3828287199.321,9.888,10.550,0.787,0.000,19.898,20.518,20.804,19.575,17.895,17.310,13.158,16.361
3828287200.321,14.441,10.350,2.336,0.000,19.903,20.544,20.803,19.552,17.910,17.293,13.179,16.354
3828287201.321,7.758,10.495,2.898,0.000,19.889,20.503,20.802,19.626,17.935,17.272,13.167,16.327
3828287202.321,9.077,11.148,2.389,0.000,19.901,20.551,20.790,19.637,17.920,17.267,13.194,16.353
3828287203.321,9.987,11.343,1.917,0.000,19.896,20.524,20.781,19.652,17.945,17.286,13.167,16.318
3828287204.321,8.475,10.492,1.732,0.000,19.928,20.525,20.803,19.645,17.932,17.282,13.195,16.317
3828287205.321,7.279,9.835,2.017,0.000,19.931,20.527,20.793,19.659,17.938,17.304,13.185,16.302
3828287206.316,7.505,11.801,2.723,3.182,19.876,20.548,20.774,19.660,17.969,17.345,13.139,16.345
3828287207.316,8.640,10.841,2.564,0.000,19.884,20.537,20.775,19.642,18.021,17.362,13.109,16.303
3828287208.316,6.248,10.035,1.910,0.000,19.866,20.565,20.776,19.643,17.984,17.353,13.107,16.298
3828287209.316,7.822,10.789,0.902,0.000,19.894,20.541,20.776,19.604,18.016,17.383,13.129,16.333
3828287210.316,7.927,10.814,2.684,0.000,19.851,20.536,20.790,19.768,18.006,17.372,13.082,16.315
3828287211.316,8.928,11.132,2.921,0.000,19.898,20.553,20.775,19.611,17.999,17.388,13.096,16.337
3828287212.316,7.959,10.283,3.563,0.000,19.871,20.531,20.776,19.639,18.010,17.371,13.101,16.298
3828287213.316,9.381,10.352,2.843,0.000,19.892,20.535,20.775,19.672,17.988,17.358,13.104,16.340
3828287214.316,8.834,10.446,2.276,0.000,19.856,20.535,20.738,19.686,17.999,17.345,13.073,16.308
3828287215.316,9.584,11.133,2.177,0.000,19.902,20.548,20.770,19.621,17.985,17.367,13.100,16.340
3828287216.355,8.344,10.522,0.633,3.182,19.870,20.548,20.790,19.630,18.016,17.299,13.074,16.307
3828287217.355,9.349,11.588,1.897,0.000,19.850,20.505,20.813,19.600,18.013,17.318,13.034,16.270
3828287218.355,7.657,10.761,1.415,0.000,19.868,20.535,20.849,19.618,17.982,17.282,13.072,16.305
3828287219.355,8.248,10.727,3.427,0.000,19.858,20.569,20.800,19.649,18.014,17.308,13.067,16.306
3828287220.355,8.735,10.396,0.037,0.000,19.842,20.508,20.793,19.675,18.026,17.314,13.024,16.257
3828287221.355,8.443,10.181,2.247,0.000,19.843,20.540,20.804,19.665,18.031,17.268,13.003,16.276
3828287222.355,5.339,10.873,2.464,0.000,19.854,20.534,20.814,19.634,18.015,17.307,12.981,16.296
3828287223.355,8.085,10.703,2.700,0.000,19.810,20.506,20.769,19.659,18.031,17.311,12.972,16.266
3828287224.355,7.994,11.005,2.064,0.000,19.822,20.544,20.820,19.614,18.039,17.274,12.995,16.272
3828287225.355,8.637,10.455,2.203,0.000,19.822,20.534,20.797,19.676,18.013,17.292,12.990,16.297
3828287226.391,8.678,10.654,2.038,3.182,19.888,20.528,20.796,19.621,18.037,17.347,13.038,16.293
3828287227.391,6.182,10.975,2.922,0.000,19.863,20.551,20.795,19.600,18.020,17.332,13.009,16.300
3828287228.391,9.154,12.209,3.707,0.000,19.883,20.568,20.757,19.595,17.994,17.361,13.014,16.340
3828287229.391,8.820,10.925,1.796,0.000,19.898,20.564,20.723,19.632,17.981,17.318,13.027,16.311
3828287230.391,8.184,10.625,2.668,0.000,19.860,20.563,20.739,19.596,17.999,17.311,13.006,16.282
3828287231.391,9.198,10.782,2.439,0.000,19.906,20.564,20.764,19.648,17.999,17.307,13.039,16.320
3828287232.391,7.695,11.067,1.388,0.000,19.874,20.565,20.723,19.616,17.988,17.289,13.028,16.311
3828287233.391,8.723,10.994,1.815,0.000,19.868,20.560,20.766,19.567,17.973,17.316,12.997,16.281
3828287234.391,9.163,10.598,2.881,0.000,19.867,20.553,20.793,19.507,17.955,17.280,12.993,16.284
3828287235.391,9.594,10.505,1.672,0.000,19.885,20.564,20.800,19.543,17.941,17.268,13.024,16.322
3828287236.336,8.468,10.648,2.140,3.182,19.905,20.498,20.769,19.589,18.043,17.344,12.968,16.303
3828287237.336,8.287,10.470,1.591,0.000,19.860,20.509,20.768,19.655,18.044,17.327,12.955,16.246
3828287238.336,8.780,10.947,2.043,0.000,19.908,20.536,20.762,19.555,18.004,17.293,12.964,16.305
3828287239.336,8.204,12.327,2.785,0.000,19.854,20.541,20.747,19.572,18.029,17.331,12.940,16.286
3828287240.336,8.118,10.643,1.067,0.000,19.874,20.551,20.779,19.592,18.020,17.348,12.925,16.295
3828287241.336,9.913,11.372,1.834,0.000,19.862,20.547,20.754,19.659,18.001,17.388,12.904,16.276
3828287242.336,8.627,10.964,1.601,0.000,19.849,20.594,20.749,19.652,17.989,17.333,12.954,16.276
3828287243.336,7.568,10.752,5.281,0.000,19.845,20.568,20.710,19.581,18.010,17.327,12.966,16.299
3828287244.336,7.722,11.006,3.081,0.000,19.860,20.581,20.740,19.623,17.961,17.261,12.959,16.275
3828287245.336,8.881,10.732,1.760,0.000,19.868,20.542,20.753,19.660,17.977,17.284,12.916,16.261
3828287246.325,7.759,10.796,0.559,3.182,19.876,20.527,20.746,19.596,18.032,17.317,12.920,16.273
3828287247.325,8.419,10.663,1.948,0.000,19.892,20.554,20.760,19.570,18.023,17.342,12.929,16.275
3828287248.325,11.898,10.796,3.140,0.000,19.858,20.555,20.732,19.548,18.012,17.375,12.875,16.252
3828287249.325,8.691,10.900,2.189,0.000,19.857,20.574,20.722,19.505,17.973,17.293,12.895,16.295
3828287250.325,7.740,9.891,0.000,0.000,19.851,20.562,20.694,19.497,17.988,17.308,12.922,16.285
3828287251.325,8.346,10.600,3.164,0.000,19.862,20.553,20.773,19.573,17.973,17.292,12.885,16.233
3828287252.325,9.853,10.466,0.602,0.000,19.890,20.558,20.783,19.488,17.962,17.282,12.890,16.271
3828287253.325,7.043,9.829,2.466,0.000,19.888,20.552,20.739,19.539,17.962,17.284,12.921,16.243
3828287254.325,8.462,10.284,2.963,0.000,19.889,20.551,20.808,19.570,17.939,17.260,12.907,16.242
3828287255.325,7.363,11.689,2.692,0.000,19.897,20.563,20.813,19.437,17.931,17.241,12.906,16.256
3828287256.260,9.351,10.891,0.354,3.182,19.911,20.593,20.788,19.507,17.927,17.256,12.876,16.279
3828287257.260,9.454,9.699,2.295,0.000,19.905,20.560,20.785,19.530,17.949,17.250,12.887,16.268
3828287258.260,9.645,8.030,3.317,0.000,19.901,20.550,20.803,19.580,17.923,17.255,12.885,16.244
3828287259.260,10.016,5.193,2.160,0.000,19.908,20.538,20.777,19.529,17.930,17.321,12.839,16.266
3828287260.260,9.494,2.788,2.159,0.000,19.889,20.550,20.812,19.553,17.901,17.296,12.820,16.291
3828287261.260,8.805,2.174,2.622,0.000,19.925,20.553,20.771,19.567,17.902,17.366,12.782,16.258
3828287262.260,7.892,1.071,0.374,0.000,19.917,20.544,20.795,19.795,17.880,17.324,12.787,16.200
3828287263.260,8.421,0.787,2.298,0.000,19.926,20.530,20.802,19.842,17.890,17.358,12.778,16.141
3828287264.260,9.641,0.866,1.875,0.000,19.887,20.587,20.787,19.933,17.884,17.331,12.785,16.101
3828287265.260,8.542,0.550,1.758,0.000,19.887,20.556,20.780,19.958,17.903,17.308,12.770,15.978
3828287266.260,9.128,0.484,2.659,3.182,19.854,20.562,20.858,20.040,17.962,17.253,12.731,15.769
3828287267.260,7.809,0.000,3.525,0.000,19.861,20.538,20.834,20.011,17.986,17.274,12.713,15.579
3828287268.260,8.006,0.000,2.817,0.000,19.837,20.517,20.862,20.057,17.992,17.286,12.669,15.445
3828287269.260,9.953,0.467,3.300,0.000,19.849,20.550,20.824,20.067,18.002,17.279,12.706,15.325
3828287270.260,8.510,0.000,2.203,0.000,19.830,20.557,20.801,20.131,17.986,17.324,12.709,15.175
3828287271.260,8.575,0.070,1.551,0.000,19.850,20.533,20.802,20.272,18.005,17.296,12.659,15.022
3828287272.260,5.824,0.235,2.403,0.000,19.843,20.518,20.809,20.166,17.995,17.306,12.664,14.915
3828287273.260,8.278,0.000,1.953,0.000,19.841,20.539,20.771,20.214,18.037,17.304,12.657,14.768
3828287274.260,8.675,0.337,2.436,0.000,19.814,20.555,20.783,20.284,18.028,17.302,12.623,14.665
3828287275.260,9.726,0.000,3.028,0.000,19.848,20.544,20.764,20.232,18.026,17.278,12.684,14.534
3828287276.257,9.050,0.000,0.944,3.182,19.891,20.500,20.795,20.198,18.088,17.224,12.679,14.412
3828287277.257,8.624,0.220,2.473,0.000,19.904,20.515,20.790,20.255,18.110,17.247,12.693,14.369
3828287278.257,8.530,0.000,2.029,0.000,19.874,20.517,20.758,20.363,18.094,17.221,12.639,14.282
3828287279.257,7.889,0.356,1.197,0.000,19.883,20.525,20.791,20.276,18.075,17.206,12.643,14.198
3828287280.257,8.212,0.000,1.340,0.000,19.909,20.475,20.751,20.300,18.052,17.248,12.643,14.132
3828287281.257,7.712,0.000,2.561,0.000,19.889,20.487,20.775,20.376,18.027,17.215,12.630,14.070
3828287282.257,7.850,0.000,1.234,0.000,19.922,20.530,20.793,20.345,18.021,17.192,12.659,14.007
3828287283.257,8.241,0.000,2.089,0.000,19.910,20.541,20.733,20.310,18.019,17.201,12.624,13.948
3828287284.257,7.821,0.000,2.664,0.000,19.896,20.593,20.753,20.312,18.031,17.188,12.604,13.891
3828287285.257,8.024,0.000,2.676,0.000,19.939,20.591,20.772,20.316,18.001,17.209,12.635,13.830
3828287286.273,10.302,0.000,2.084,3.182,19.919,20.546,20.750,20.274,18.019,17.210,12.618,13.760
3828287287.273,7.819,0.081,0.964,0.000,19.913,20.555,20.702,20.262,18.015,17.158,12.615,13.726
3828287288.273,8.412,0.519,3.457,0.000,19.903,20.590,20.750,20.338,17.990,17.088,12.644,13.650
3828287289.273,6.681,0.153,1.719,0.000,19.938,20.631,20.771,20.266,17.960,17.021,12.626,13.637
3828287290.273,8.713,0.039,2.817,0.000,19.940,20.584,20.758,20.243,17.955,16.969,12.627,13.583
3828287291.273,7.818,0.000,1.265,0.000,19.942,20.572,20.776,20.301,17.984,16.896,12.638,13.520
3828287292.273,7.424,0.697,2.570,0.000,19.962,20.586,20.805,20.285,17.965,16.876,12.633,13.507
3828287293.273,7.791,1.461,2.987,0.000,20.000,20.604,20.783,20.236,17.921,16.905,12.611,13.508
3828287294.273,8.689,0.000,2.646,0.000,19.974,20.575,20.768,20.286,17.944,16.878,12.555,13.468
3828287295.273,9.613,0.000,2.440,0.000,19.985,20.616,20.798,20.351,17.918,16.805,12.549,13.420
3828287296.306,7.905,0.000,0.078,3.182,19.940,20.664,20.795,20.248,17.924,16.711,12.562,13.399
3828287297.306,8.023,0.000,0.807,0.000,19.950,20.638,20.809,20.281,17.959,16.578,12.539,13.305
3828287298.306,7.744,0.000,0.164,0.000,19.928,20.627,20.813,20.429,17.977,16.499,12.537,13.288
3828287299.306,5.127,0.000,2.891,0.000,19.948,20.621,20.843,20.352,17.970,16.394,12.525,13.224
3828287300.306,8.419,0.000,2.321,0.000,19.993,20.625,20.820,20.356,17.994,16.263,12.507,13.234
3828287301.306,9.642,0.000,2.097,0.000,19.962,20.625,20.804,20.337,17.989,16.169,12.505,13.199
3828287302.306,8.849,0.389,4.447,0.000,19.969,20.628,20.855,20.353,18.024,16.162,12.477,13.156
3828287303.306,8.604,0.000,2.814,0.000,19.975,20.638,20.834,20.378,18.009,16.172,12.481,13.164
3828287304.306,9.826,0.356,1.923,0.000,20.007,20.634,20.825,20.413,18.047,16.209,12.475,13.153
3828287305.306,8.647,0.000,3.564,0.000,20.002,20.623,20.772,20.446,18.050,16.222,12.481,13.093
3828287306.304,8.795,1.483,2.803,3.182,20.007,20.617,20.841,20.366,18.056,16.135,12.498,13.080
3828287307.304,9.197,0.438,1.636,0.000,20.005,20.607,20.857,20.348,18.049,16.134,12.443,13.038
3828287308.304,9.088,0.200,2.724,0.000,20.011,20.639,20.862,20.323,18.065,16.119,12.419,13.056
3828287309.304,7.899,0.000,2.850,0.000,20.027,20.644,20.854,20.380,18.090,16.108,12.443,13.037
3828287310.304,8.090,0.237,1.774,0.000,20.058,20.673,20.807,20.404,18.097,16.120,12.458,13.010
3828287311.304,7.989,0.001,2.951,0.000,20.048,20.675,20.810,20.497,18.126,16.118,12.443,12.974
3828287312.304,8.925,0.000,2.918,0.000,20.022,20.655,20.786,20.358,18.136,16.110,12.423,12.962
3828287313.304,8.672,0.000,2.118,0.000,19.977,20.671,20.812,20.408,18.139,16.096,12.394,12.952
3828287314.304,8.190,0.000,0.021,0.000,20.015,20.686,20.802,20.482,18.144,16.064,12.401,12.922
3828287315.304,8.222,0.000,1.916,0.000,20.018,20.712,20.785,20.451,18.142,16.006,12.408,12.927
3828287316.288,8.331,0.000,2.300,3.182,20.016,20.687,20.781,20.478,18.180,15.946,12.465,12.877
3828287317.288,8.574,0.262,3.347,0.000,20.004,20.694,20.768,20.487,18.225,15.952,12.442,12.869
3828287318.288,7.795,0.000,2.557,0.000,19.968,20.688,20.753,20.415,18.224,15.892,12.418,12.843
3828287319.288,8.814,0.000,4.305,0.000,19.990,20.723,20.805,20.492,18.201,15.803,12.446,12.800
3828287320.288,8.756,0.000,1.983,0.000,20.037,20.668,20.773,20.455,18.199,15.783,12.423,12.790
3828287321.288,10.511,0.000,2.525,0.000,20.062,20.696,20.781,20.380,18.194,15.717,12.429,12.782
3828287322.288,8.304,0.286,0.918,0.000,20.099,20.712,20.781,20.447,18.250,15.639,12.438,12.830
3828287323.288,7.639,0.000,3.006,0.000,20.105,20.684,20.760,20.405,18.244,15.627,12.427,12.835
3828287324.288,8.168,0.094,5.227,0.000,20.152,20.651,20.792,20.432,18.232,15.531,12.404,12.812
3828287325.288,7.731,0.000,3.127,0.000,20.106,20.677,20.807,20.436,18.195,15.534,12.398,12.845
3828287326.305,8.465,0.281,0.406,3.182,20.104,20.720,20.775,20.350,18.227,15.472,12.401,12.717
3828287327.305,11.207,0.000,2.527,0.000,20.106,20.711,20.812,20.378,18.227,15.402,12.415,12.695
3828287328.305,7.833,0.436,1.740,0.000,20.149,20.722,20.821,20.348,18.265,15.385,12.429,12.734
3828287329.305,9.038,0.201,1.875,0.000,20.165,20.717,20.794,20.308,18.242,15.381,12.408,12.776
3828287330.305,8.189,0.000,0.000,0.000,20.174,20.689,20.763,20.399,18.227,15.378,12.415,12.770
3828287331.305,7.864,0.000,1.974,0.000,20.149,20.688,20.801,20.407,18.194,15.376,12.380,12.746
3828287332.305,9.953,0.649,0.600,0.000,20.126,20.741,20.781,20.421,18.189,15.365,12.377,12.732
3828287333.305,8.393,0.000,2.035,0.000,20.154,20.783,20.749,20.310,18.175,15.386,12.399,12.763
3828287334.305,8.826,0.292,3.162,0.000,20.184,20.832,20.776,20.364,18.186,15.421,12.409,12.747
3828287335.305,8.302,0.000,2.973,0.000,20.163,20.796,20.748,20.360,18.181,15.432,12.384,12.707
3828287336.308,8.456,0.139,1.893,3.182,20.170,20.797,20.805,20.400,18.129,15.350,12.412,12.738
3828287337.308,8.112,0.000,3.094,0.000,20.189,20.826,20.815,20.380,18.120,15.328,12.388,12.766
3828287338.308,7.870,0.153,3.240,0.000,20.242,20.814,20.816,20.480,18.081,15.309,12.363,12.755
3828287339.308,8.875,0.021,2.302,0.000,20.241,20.816,20.807,20.509,18.051,15.348,12.370,12.722
3828287340.308,8.060,0.000,2.937,0.000,20.184,20.849,20.831,20.474,18.067,15.341,12.357,12.788
3828287341.308,8.416,0.225,4.311,0.000,20.185,20.874,20.821,20.490,18.067,15.310,12.358,12.764
3828287342.308,7.767,0.000,2.230,0.000,20.216,20.836,20.811,20.488,18.077,15.368,12.374,12.716
3828287343.308,8.213,0.000,1.949,0.000,20.209,20.841,20.819,20.526,18.142,15.360,12.389,12.669
3828287344.308,8.837,0.079,1.976,0.000,20.213,20.881,20.829,20.561,18.149,15.312,12.357,12.650
3828287345.308,7.788,0.000,2.606,0.000,20.215,20.862,20.828,20.455,18.137,15.331,12.416,12.641
3828287346.321,7.390,0.067,5.320,3.182,20.180,20.844,20.799,20.479,18.234,15.371,12.309,12.636
3828287347.321,8.466,0.151,0.098,0.000,20.184,20.843,20.824,20.511,18.244,15.384,12.374,12.568
3828287348.321,8.323,0.000,2.709,0.000,20.140,20.818,20.808,20.575,18.279,15.351,12.390,12.572
3828287349.321,8.905,0.207,2.612,0.000,20.173,20.854,20.826,20.376,18.271,15.324,12.403,12.586
3828287350.321,9.484,0.000,0.842,0.000,20.209,20.852,20.818,20.453,18.259,15.309,12.386,12.534
3828287351.321,7.826,0.000,2.421,0.000,20.219,20.830,20.806,20.439,18.299,15.348,12.402,12.551
3828287352.321,8.498,0.000,2.829,0.000,20.228,20.836,20.818,20.484,18.289,15.317,12.382,12.592
3828287353.321,6.449,0.214,1.944,0.000,20.212,20.815,20.850,20.490,18.266,15.326,12.380,12.592
3828287354.321,9.471,0.000,2.411,0.000,20.258,20.843,20.854,20.440,18.233,15.332,12.401,12.637
3828287355.321,7.909,0.000,2.822,0.000,20.255,20.897,20.808,20.480,18.219,15.285,12.397,12.629
3828287356.352,9.529,0.000,2.726,3.182,20.239,20.859,20.841,20.561,18.232,15.250,12.354,12.586
3828287357.352,8.207,0.083,1.394,0.000,20.213,20.870,20.828,20.589,18.216,15.280,12.291,12.614
3828287358.352,8.988,0.146,3.354,0.000,20.226,20.922,20.838,20.573,18.227,15.214,12.362,12.568
3828287359.352,7.965,0.000,5.037,0.000,20.232,20.890,20.852,20.572,18.240,15.220,12.400,12.567
3828287360.352,8.426,0.000,1.659,0.000,20.224,20.884,20.824,20.524,18.255,15.201,12.403,12.571
3828287361.352,8.985,0.000,3.129,0.000,20.218,20.874,20.833,20.496,18.306,15.184,12.411,12.524
3828287362.352,8.745,0.000,1.769,0.000,20.241,20.867,20.844,20.555,18.273,15.122,12.394,12.491
3828287363.352,8.734,0.329,1.905,0.000,20.283,20.892,20.854,20.566,18.253,15.091,12.440,12.513
3828287364.352,8.537,0.000,2.598,0.000,20.276,20.867,20.859,20.527,18.300,15.072,12.446,12.537
3828287365.352,8.861,0.000,2.553,0.000,20.281,20.887,20.860,20.524,18.305,15.008,12.406,12.547
3828287366.325,8.016,0.000,3.580,3.182,20.281,20.943,20.825,20.465,18.208,15.023,12.431,12.638
3828287367.325,7.996,0.000,0.402,0.000,20.261,20.942,20.841,20.473,18.230,15.007,12.452,12.587
3828287368.325,8.756,0.694,2.781,0.000,20.283,20.956,20.854,20.550,18.247,14.965,12.454,12.597
3828287369.325,8.173,0.271,2.487,0.000,20.293,20.983,20.853,20.499,18.211,14.965,12.452,12.617
3828287370.325,7.828,0.000,1.319,0.000,20.267,20.939,20.825,20.556,18.244,14.959,12.465,12.583
3828287371.325,8.382,0.000,2.115,0.000,20.308,20.924,20.872,20.509,18.235,14.866,12.469,12.585
3828287372.325,8.219,0.000,1.921,0.000,20.319,20.963,20.829,20.517,18.207,14.850,12.495,12.597
3828287373.325,8.129,0.000,1.567,0.000,20.278,20.947,20.844,20.531,18.227,14.815,12.453,12.584
3828287374.325,9.440,1.931,2.140,0.000,20.320,20.965,20.854,20.487,18.199,14.805,12.478,12.615
3828287375.325,8.753,0.272,2.606,0.000,20.309,20.975,20.837,20.529,18.225,14.772,12.479,12.590
3828287376.273,8.792,0.000,2.939,3.182,20.320,21.003,20.829,20.517,18.198,14.699,12.532,12.593
3828287377.273,8.430,0.668,5.305,0.000,20.332,20.975,20.835,20.460,18.221,14.727,12.546,12.593
3828287378.273,9.533,0.000,0.787,0.000,20.314,21.017,20.836,20.478,18.182,14.712,12.530,12.620
3828287379.273,8.378,0.000,1.908,0.000,20.307,20.963,20.827,20.527,18.215,14.666,12.527,12.601
3828287380.273,7.956,0.000,2.425,0.000,20.316,20.973,20.841,20.552,18.197,14.657,12.528,12.611
3828287381.273,9.430,0.166,2.878,0.000,20.321,21.002,20.888,20.498,18.238,14.687,12.533,12.618
3828287382.273,8.033,0.000,2.616,0.000,20.317,20.948,20.854,20.541,18.226,14.738,12.512,12.600
3828287383.273,8.523,0.000,2.431,0.000,20.271,20.996,20.911,20.556,18.222,14.749,12.513,12.622
3828287384.273,7.862,0.000,2.435,0.000,20.306,20.949,20.907,20.447,18.225,14.717,12.559,12.597
3828287385.273,8.358,0.000,2.050,0.000,20.326,20.986,20.925,20.556,18.230,14.674,12.551,12.615
3828287386.288,7.863,0.282,1.838,3.182,20.290,20.958,20.932,20.600,18.244,14.596,12.483,12.581
3828287387.288,8.938,0.000,2.090,0.000,20.330,20.970,20.993,20.537,18.211,14.554,12.537,12.591
3828287388.288,7.850,0.000,3.836,0.000,20.324,20.965,20.950,20.609,18.241,14.529,12.547,12.588
3828287389.288,6.671,0.767,2.329,0.000,20.315,20.999,20.967,20.601,18.192,14.474,12.527,12.602
3828287390.288,7.024,0.572,2.975,0.000,20.362,21.001,21.008,20.412,18.217,14.439,12.547,12.613
3828287391.288,8.279,0.000,1.354,0.000,20.354,21.008,20.999,20.547,18.185,14.391,12.539,12.612
3828287392.288,8.703,0.000,2.108,0.000,20.373,20.956,21.007,20.472,18.205,14.391,12.540,12.604
3828287393.288,8.716,0.028,2.403,0.000,20.374,20.970,21.017,20.483,18.190,14.358,12.574,12.597
3828287394.288,8.069,1.660,2.649,0.000,20.359,21.025,21.043,20.574,18.206,14.306,12.584,12.598
3828287395.288,7.824,0.122,1.595,0.000,20.369,21.002,21.003,20.526,18.180,14.317,12.617,12.618
3828287396.228,8.578,0.000,2.924,3.182,20.365,20.995,20.971,20.770,18.238,14.345,12.580,12.645
3828287397.228,7.772,0.000,1.562,0.000,20.377,20.985,20.980,20.677,18.247,14.337,12.598,12.662
3828287398.228,8.855,0.016,2.428,0.000,20.381,21.006,20.947,20.687,18.206,14.303,12.608,12.665
3828287399.228,4.930,0.000,2.650,0.000,20.369,20.986,20.986,20.686,18.216,14.274,12.612,12.673
3828287400.228,9.745,0.000,2.857,0.000,20.375,21.002,21.005,20.690,18.228,14.280,12.620,12.660
3828287401.228,8.576,0.000,3.637,0.000,20.395,21.017,21.006,20.727,18.199,14.236,12.637,12.680
3828287402.228,9.041,0.485,1.247,0.000,20.368,21.016,20.999,20.594,18.214,14.225,12.625,12.655
3828287403.228,8.132,0.000,2.834,0.000,20.399,21.042,21.020,20.612,18.212,14.202,12.628,12.722
3828287404.228,8.611,0.000,2.242,0.000,20.388,21.023,20.989,20.718,18.181,14.187,12.655,12.675
3828287405.228,7.936,0.000,1.736,0.000,20.387,21.035,21.015,20.578,18.189,14.128,12.640,12.683
3828287406.227,8.904,0.399,2.471,3.182,20.377,21.046,20.991,20.603,18.284,14.133,12.688,12.623
3828287407.227,8.054,0.245,2.088,0.000,20.386,21.010,20.955,20.601,18.302,14.144,12.731,12.627
3828287408.227,7.794,0.353,5.359,0.000,20.373,21.037,20.986,20.506,18.310,14.103,12.706,12.652
3828287409.227,8.268,0.117,5.011,0.000,20.365,21.047,20.979,20.595,18.329,14.115,12.721,12.693
3828287410.227,5.149,0.000,4.526,0.000,20.353,21.100,20.996,20.568,18.308,14.076,12.713,12.675
3828287411.227,9.008,0.001,1.957,0.000,20.378,21.078,20.975,20.551,18.297,14.079,12.762,12.720
3828287412.227,7.823,0.000,1.624,0.000,20.377,21.052,20.966,20.533,18.321,14.056,12.742,12.683
3828287413.227,5.388,0.314,2.787,0.000,20.375,21.072,20.973,20.666,18.304,14.042,12.769,12.701
3828287414.227,6.884,0.188,2.642,0.000,20.392,21.048,20.996,20.647,18.305,14.038,12.746,12.681
3828287415.227,9.740,0.000,0.000,0.000,20.399,21.064,20.985,20.660,18.288,13.993,12.756,12.729
3828287416.255,7.661,0.431,1.201,3.182,20.457,21.025,20.991,20.658,18.174,13.911,12.753,12.740
3828287417.255,7.828,0.019,4.259,0.000,20.450,21.076,21.052,20.686,18.132,13.919,12.768,12.768
3828287418.255,8.760,0.100,2.280,0.000,20.467,21.087,21.023,20.585,18.188,13.887,12.773,12.735
3828287419.255,7.703,0.000,1.735,0.000,20.500,21.111,21.031,20.663,18.139,13.863,12.791,12.791
3828287420.255,7.603,0.956,2.678,0.000,20.447,21.113,21.038,20.607,18.178,13.830,12.782,12.766
3828287421.255,8.478,0.000,2.989,0.000,20.503,21.084,21.009,20.658,18.155,13.836,12.795,12.781
3828287422.255,9.129,0.236,2.142,0.000,20.477,21.120,21.014,20.673,18.189,13.824,12.792,12.786
3828287423.255,3.753,0.140,1.723,0.000,20.478,21.123,21.024,20.641,18.180,13.820,12.806,12.799
3828287424.255,8.482,0.073,1.783,0.000,20.468,21.145,21.035,20.637,18.156,13.811,12.823,12.813
3828287425.255,3.876,0.148,1.619,0.000,20.460,21.130,21.021,20.629,18.179,13.794,12.820,12.812
3828287426.243,7.943,0.392,1.324,3.182,20.460,21.184,21.028,20.593,18.172,13.798,12.836,12.814
3828287427.243,8.319,0.000,1.657,0.000,20.479,21.190,21.046,20.577,18.154,13.822,12.841,12.840
3828287428.243,7.730,0.000,2.783,0.000,20.461,21.188,21.065,20.537,18.175,13.804,12.847,12.827
3828287429.243,8.110,0.046,1.854,0.000,20.473,21.181,21.061,20.666,18.186,13.827,12.906,12.827
3828287430.243,8.152,0.000,1.270,0.000,20.499,21.224,21.078,20.671,18.149,13.874,12.885,12.847
3828287431.243,8.744,0.027,2.482,0.000,20.488,21.174,21.087,20.580,18.185,13.921,12.870,12.835
3828287432.243,9.049,0.391,0.885,0.000,20.466,21.202,21.089,20.632,18.155,13.890,12.902,12.876
3828287433.243,9.695,0.000,2.180,0.000,20.475,21.203,21.053,20.569,18.161,13.915,12.910,12.866
3828287434.243,9.304,0.000,2.417,0.000,20.502,21.190,21.085,20.640,18.147,13.884,12.885,12.880
3828287435.243,8.126,0.000,2.024,0.000,20.523,21.228,21.072,20.656,18.162,13.890,12.934,12.866
3828287436.279,9.213,0.164,2.623,3.182,20.521,21.178,21.066,20.725,18.251,13.878,12.859,12.856
3828287437.279,8.680,0.000,1.624,0.000,20.523,21.185,21.086,20.721,18.211,13.892,12.895,12.887
3828287438.279,8.689,0.000,1.983,0.000,20.509,21.161,21.072,20.758,18.198,13.854,12.856,12.860
3828287439.279,9.092,0.337,1.976,0.000,20.519,21.161,21.077,20.775,18.227,13.889,12.886,12.900
3828287440.279,7.734,0.000,1.964,0.000,20.538,21.184,21.071,20.754,18.220,13.868,12.935,12.893
3828287441.279,8.163,0.000,3.924,0.000,20.547,21.171,21.087,20.745,18.215,13.870,12.922,12.913
3828287442.279,5.178,0.000,2.459,0.000,20.555,21.167,21.092,20.752,18.222,13.812,12.944,12.921
3828287443.279,7.903,0.000,2.646,0.000,20.515,21.187,21.099,20.796,18.193,13.838,12.961,12.936
3828287444.279,8.075,0.000,1.562,0.000,20.549,21.210,21.104,20.740,18.211,13.817,12.955,12.926
3828287445.279,8.332,0.376,2.491,0.000,20.524,21.188,21.144,20.713,18.206,13.768,12.927,12.935
3828287446.258,8.079,0.224,1.415,3.182,20.521,21.220,21.143,20.873,18.229,13.764,12.985,12.909
3828287447.258,9.513,0.000,2.197,0.000,20.501,21.206,21.135,20.849,18.202,13.685,12.960,12.889
3828287448.258,9.189,2.554,2.178,0.000,20.567,21.212,21.119,20.817,18.096,13.530,13.009,12.927
3828287449.258,7.965,5.037,1.285,0.000,20.525,21.243,21.153,20.722,18.049,14.074,13.002,12.963
3828287450.258,8.052,7.807,1.414,0.000,20.533,21.200,21.122,20.615,18.065,15.028,12.981,12.976
3828287451.258,8.531,8.088,3.493,0.000,20.515,21.199,21.157,20.464,18.047,15.691,12.987,13.106
3828287452.258,8.308,9.847,2.051,0.000,20.531,21.200,21.152,20.264,18.286,16.173,12.969,13.256
3828287453.258,8.919,10.373,1.699,0.000,20.536,21.190,21.172,20.136,18.561,16.475,12.989,13.522
3828287454.258,7.901,10.010,2.675,0.000,20.517,21.211,21.098,19.950,18.858,16.773,12.969,13.764
3828287455.258,8.747,10.673,2.038,0.000,20.555,21.203,21.162,19.854,19.125,16.979,13.005,14.036
3828287456.255,8.716,10.676,1.817,3.182,20.585,21.293,21.164,19.805,18.865,17.201,13.088,14.317
3828287457.255,8.651,10.776,1.593,0.000,20.553,21.288,21.124,19.769,18.731,17.487,13.074,14.587
3828287458.255,8.752,10.456,1.721,0.000,20.600,21.310,21.170,19.783,18.550,17.593,13.056,14.853
3828287459.255,9.834,10.620,0.741,0.000,20.586,21.287,21.122,19.849,18.318,17.669,13.103,15.100
3828287460.255,10.010,10.487,2.385,0.000,20.623,21.307,21.160,19.881,18.107,17.606,13.080,15.351
3828287461.255,8.505,9.924,1.213,0.000,20.608,21.282,21.155,19.899,17.993,17.556,13.094,15.531
3828287462.255,9.212,11.557,2.126,0.000,20.612,21.270,21.136,19.937,17.839,17.520,13.119,15.715
3828287463.255,9.484,12.740,2.933,0.000,20.606,21.288,21.126,19.981,17.765,17.419,13.112,15.827
3828287464.255,14.216,10.546,2.095,0.000,20.605,21.255,21.156,19.987,17.805,17.302,13.107,15.933
3828287465.255,8.014,11.441,3.989,0.000,20.606,21.285,21.143,19.959,17.806,17.246,13.110,15.973
3828287466.261,8.973,10.875,2.624,3.182,20.583,21.254,21.209,20.009,17.958,17.150,13.141,15.988
3828287467.261,8.442,11.423,5.378,0.000,20.611,21.247,21.182,19.994,18.029,17.177,13.134,16.002
3828287468.261,7.909,10.600,1.860,0.000,20.613,21.246,21.212,20.011,18.095,17.180,13.154,16.039
3828287469.261,8.107,10.677,2.607,0.000,20.583,21.236,21.212,19.942,18.160,17.205,13.129,16.023
3828287470.261,8.442,10.075,1.365,0.000,20.608,21.282,21.192,19.932,18.195,17.223,13.176,16.005
3828287471.261,5.187,11.037,1.821,0.000,20.587,21.264,21.209,19.929,18.213,17.266,13.155,16.036
3828287472.261,8.659,10.650,2.062,0.000,20.607,21.269,21.201,19.936,18.232,17.331,13.179,16.029
3828287473.261,9.156,11.095,1.703,0.000,20.610,21.223,21.224,19.852,18.204,17.323,13.196,16.080
3828287474.261,8.301,10.724,2.041,0.000,20.596,21.273,21.207,19.919,18.204,17.347,13.221,16.092
3828287475.261,8.289,10.884,0.163,0.000,20.584,21.251,21.202,19.941,18.155,17.359,13.199,16.102
3828287476.277,9.804,11.163,1.919,3.182,20.542,21.233,21.281,19.916,18.168,17.366,13.198,16.111
3828287477.277,8.273,10.601,1.900,0.000,20.543,21.248,21.245,19.900,18.121,17.349,13.181,16.166
3828287478.277,8.100,10.545,2.432,0.000,20.554,21.261,21.269,19.834,18.099,17.377,13.223,16.180
3828287479.277,8.952,10.637,0.233,0.000,20.547,21.261,21.273,19.931,18.124,17.366,13.204,16.162
3828287480.277,8.072,10.724,0.928,0.000,20.582,21.240,21.285,19.938,18.137,17.380,13.182,16.222
3828287481.277,8.570,10.985,2.145,0.000,20.570,21.211,21.294,19.812,18.130,17.361,13.179,16.193
3828287482.277,6.056,11.027,1.268,0.000,20.536,21.216,21.284,19.944,18.161,17.376,13.183,16.186
3828287483.277,7.903,10.864,2.044,0.000,20.536,21.219,21.298,19.899,18.148,17.360,13.222,16.232
3828287484.277,10.298,10.856,1.232,0.000,20.521,21.248,21.283,19.921,18.162,17.354,13.229,16.254
3828287485.277,8.821,10.572,2.537,0.000,20.559,21.224,21.259,19.945,18.181,17.382,13.255,16.255
3828287486.291,9.032,10.974,2.471,3.182,20.535,21.218,21.250,19.996,18.272,17.393,13.266,16.174
3828287487.291,4.875,10.265,2.743,0.000,20.581,21.206,21.252,19.979,18.289,17.391,13.307,16.265
3828287488.291,9.382,12.732,3.305,0.000,20.578,21.217,21.258,19.948,18.289,17.433,13.310,16.265
3828287489.291,8.302,10.830,0.000,0.000,20.540,21.219,21.235,19.957,18.313,17.407,13.300,16.273
3828287490.291,9.658,10.260,3.288,0.000,20.541,21.210,21.268,20.005,18.319,17.422,13.281,16.296
3828287491.291,8.236,10.937,0.541,0.000,20.540,21.204,21.268,19.982,18.272,17.423,13.310,16.312
3828287492.291,9.804,11.303,2.746,0.000,20.552,21.186,21.256,19.944,18.270,17.432,13.324,16.340
3828287493.291,7.924,10.538,3.508,0.000,20.550,21.176,21.246,19.969,18.242,17.459,13.316,16.364
3828287494.291,9.731,10.386,2.228,0.000,20.533,21.164,21.292,20.023,18.224,17.471,13.345,16.371
3828287495.291,9.153,10.690,3.085,0.000,20.578,21.117,21.274,19.957,18.241,17.468,13.368,16.390
3828287496.305,9.082,10.840,1.734,3.182,20.503,21.167,21.300,20.020,18.307,17.432,13.317,16.321
3828287497.305,8.061,10.422,3.273,0.000,20.531,21.160,21.290,19.988,18.288,17.451,13.336,16.376
3828287498.305,8.210,10.903,2.165,0.000,20.518,21.160,21.238,19.978,18.321,17.468,13.339,16.379
3828287499.305,8.165,9.530,1.772,0.000,20.502,21.131,21.273,20.032,18.291,17.490,13.333,16.401
3828287500.305,9.811,11.305,2.093,0.000,20.528,21.131,21.267,20.058,18.290,17.498,13.362,16.402
3828287501.305,8.762,10.527,3.030,0.000,20.484,21.131,21.270,20.037,18.283,17.482,13.339,16.392
3828287502.305,8.114,10.674,2.577,0.000,20.516,21.147,21.291,20.097,18.251,17.491,13.359,16.418
3828287503.305,7.894,10.912,2.077,0.000,20.557,21.154,21.280,20.054,18.232,17.519,13.374,16.436
3828287504.305,6.573,11.377,2.688,0.000,20.533,21.141,21.252,20.096,18.262,17.527,13.393,16.454
3828287505.305,8.622,10.896,2.734,0.000,20.504,21.168,21.256,20.042,18.234,17.525,13.374,16.459
3828287506.307,8.459,8.276,1.844,3.182,20.460,21.172,21.307,20.079,18.268,17.496,13.344,16.395
3828287507.307,9.571,10.451,2.589,0.000,20.497,21.156,21.291,20.162,18.304,17.510,13.405,16.358
3828287508.307,8.753,10.763,2.395,0.000,20.503,21.183,21.257,20.022,18.310,17.512,13.393,16.348
3828287509.307,7.599,10.681,0.000,0.000,20.476,21.176,21.313,20.046,18.322,17.524,13.411,16.377
3828287510.307,7.765,10.117,4.065,0.000,20.485,21.179,21.301,20.129,18.340,17.489,13.396,16.442
3828287511.307,9.982,10.889,2.289,0.000,20.526,21.135,21.289,20.073,18.327,17.527,13.428,16.461
3828287512.307,7.938,10.901,1.463,0.000,20.508,21.098,21.344,20.054,18.338,17.517,13.411,16.453
3828287513.307,6.569,11.183,3.136,0.000,20.471,21.078,21.300,20.173,18.308,17.516,13.419,16.474
3828287514.307,8.823,9.092,1.014,0.000,20.507,21.107,21.308,20.163,18.285,17.523,13.423,16.482
3828287515.307,6.446,10.995,3.508,0.000,20.491,21.108,21.294,20.077,18.295,17.579,13.432,16.497
3828287516.309,8.378,10.153,2.899,3.182,20.487,21.117,21.306,20.050,18.255,17.578,13.410,16.522
3828287517.309,9.525,11.022,2.980,0.000,20.461,21.136,21.288,20.014,18.281,17.549,13.423,16.510
3828287518.309,8.897,10.986,3.042,0.000,20.442,21.156,21.305,20.044,18.311,17.590,13.445,16.503
3828287519.309,9.041,10.150,2.946,0.000,20.433,21.150,21.313,20.081,18.299,17.601,13.441,16.524
3828287520.309,8.248,11.068,0.000,0.000,20.444,21.148,21.311,20.059,18.291,17.602,13.425,16.512
3828287521.309,8.155,10.513,2.522,0.000,20.488,21.158,21.329,20.081,18.265,17.594,13.441,16.541
3828287522.309,10.032,11.120,1.964,0.000,20.467,21.142,21.295,20.068,18.270,17.651,13.458,16.541
3828287523.309,7.454,9.955,4.142,0.000,20.460,21.133,21.293,20.084,18.302,17.646,13.488,16.528
3828287524.309,7.761,11.044,3.667,0.000,20.467,21.107,21.304,20.053,18.266,17.607,13.461,16.546
3828287525.309,8.891,9.107,2.984,0.000,20.474,21.115,21.289,20.064,18.308,17.589,13.444,16.538
3828287526.275,8.722,9.661,3.338,3.182,20.474,21.081,21.330,20.114,18.337,17.596,13.438,16.561
3828287527.275,9.051,12.644,2.979,0.000,20.449,21.094,21.341,20.150,18.297,17.598,13.471,16.584
3828287528.275,6.025,10.893,2.925,0.000,20.482,21.095,21.368,20.163,18.307,17.580,13.490,16.571
3828287529.275,8.761,10.773,2.070,0.000,20.476,21.094,21.306,20.158,18.340,17.598,13.489,16.577
3828287530.275,7.921,10.755,1.674,0.000,20.474,21.090,21.332,20.200,18.328,17.609,13.460,16.599
3828287531.275,8.421,10.887,1.221,0.000,20.441,21.093,21.346,20.240,18.360,17.577,13.480,16.591
3828287532.275,8.788,10.669,3.037,0.000,20.472,21.091,21.342,20.104,18.324,17.598,13.482,16.612
3828287533.275,8.164,10.592,1.569,0.000,20.437,21.069,21.336,20.197,18.341,17.639,13.473,16.572
3828287534.275,8.003,10.063,3.467,0.000,20.446,21.059,21.364,20.080,18.366,17.620,13.472,16.569
3828287535.275,8.636,10.729,1.977,0.000,20.453,21.047,21.353,20.187,18.362,17.623,13.489,16.588
3828287536.245,8.493,9.141,2.989,3.182,20.409,21.099,21.345,20.020,18.362,17.617,13.474,16.589
3828287537.245,8.352,10.510,2.513,0.000,20.418,21.110,21.353,20.013,18.331,17.635,13.490,16.598
3828287538.245,9.550,10.406,1.518,0.000,20.447,21.064,21.378,20.069,18.334,17.641,13.502,16.641
3828287539.245,5.943,10.895,2.819,0.000,20.451,21.043,21.376,20.064,18.371,17.657,13.495,16.597
3828287540.245,8.833,10.265,2.961,0.000,20.451,21.021,21.366,20.001,18.399,17.639,13.521,16.582
3828287541.245,9.274,10.842,3.843,0.000,20.403,21.037,21.391,20.115,18.421,17.640,13.508,16.587
3828287542.245,5.500,10.944,1.898,0.000,20.421,21.093,21.389,20.088,18.420,17.609,13.509,16.595
3828287543.245,9.877,10.751,2.116,0.000,20.421,21.097,21.386,20.009,18.447,17.613,13.514,16.589
3828287544.245,7.684,11.010,0.542,0.000,20.448,21.067,21.391,20.064,18.430,17.618,13.566,16.579
3828287545.245,11.914,10.659,3.462,0.000,20.411,21.065,21.369,19.999,18.431,17.622,13.525,16.558
3828287546.244,8.076,10.618,1.933,3.182,20.405,21.074,21.403,20.147,18.446,17.609,13.516,16.588
3828287547.244,7.759,10.594,1.397,0.000,20.436,21.046,21.355,20.099,18.393,17.641,13.538,16.589
3828287548.244,5.521,10.804,2.928,0.000,20.378,21.024,21.383,20.135,18.432,17.654,13.490,16.517
3828287549.244,8.668,11.701,1.702,0.000,20.374,21.074,21.394,20.142,18.434,17.638,13.527,16.572
3828287550.244,10.056,11.195,4.134,0.000,20.355,21.106,21.382,20.125,18.449,17.647,13.507,16.631
3828287551.244,8.943,10.880,2.713,0.000,20.370,21.048,21.345,20.220,18.425,17.669,13.502,16.621
3828287552.244,7.737,10.084,0.000,0.000,20.403,21.079,21.370,20.258,18.395,17.646,13.493,16.615
3828287553.244,8.777,10.889,0.895,0.000,20.399,21.105,21.391,20.283,18.395,17.671,13.509,16.650
3828287554.244,8.331,11.109,2.070,0.000,20.396,21.089,21.361,20.202,18.400,17.682,13.475,16.632
3828287555.244,9.148,12.799,2.961,0.000,20.389,21.040,21.399,20.194,18.436,17.670,13.443,16.629
3828287556.260,8.431,10.863,1.978,3.182,20.409,21.150,21.377,20.112,18.270,17.636,13.515,16.683
3828287557.260,7.939,10.272,3.931,0.000,20.420,21.081,21.353,20.075,18.264,17.656,13.541,16.690
3828287558.260,8.538,11.267,4.979,0.000,20.385,21.115,21.369,20.134,18.263,17.645,13.513,16.705
3828287559.260,8.083,10.488,2.713,0.000,20.431,21.137,21.392,20.136,18.260,17.634,13.517,16.786
3828287560.260,8.005,10.620,0.127,0.000,20.417,21.120,21.367,20.086,18.300,17.693,13.519,16.779
3828287561.260,8.907,10.756,2.205,0.000,20.430,21.098,21.379,20.126,18.286,17.658,13.513,16.764
3828287562.260,9.175,11.108,0.445,0.000,20.493,21.085,21.379,20.064,18.269,17.664,13.534,16.744
3828287563.260,7.822,10.715,1.266,0.000,20.505,21.046,21.388,20.071,18.296,17.657,13.545,16.689
3828287564.260,7.786,10.436,2.967,0.000,20.454,21.051,21.382,20.083,18.302,17.662,13.532,16.714
3828287565.260,5.754,10.728,2.386,0.000,20.444,21.083,21.406,20.078,18.307,17.651,13.540,16.737
3828287566.231,7.856,10.580,3.382,3.182,20.430,21.103,21.386,20.049,18.334,17.671,13.533,16.713
3828287567.231,8.893,11.006,2.196,0.000,20.439,21.101,21.433,20.000,18.356,17.663,13.566,16.683
3828287568.231,9.754,10.477,3.215,0.000,20.427,21.113,21.388,20.005,18.380,17.665,13.581,16.707
3828287569.231,8.295,10.446,1.620,0.000,20.422,21.106,21.421,20.033,18.350,17.664,13.606,16.711
3828287570.231,7.715,10.413,2.618,0.000,20.408,21.103,21.393,20.053,18.374,17.652,13.586,16.715
3828287571.231,7.824,10.470,2.804,0.000,20.382,21.099,21.380,19.978,18.366,17.683,13.591,16.681
3828287572.231,8.060,10.413,2.709,0.000,20.354,21.106,21.381,20.132,18.379,17.712,13.568,16.704
3828287573.231,8.072,10.650,4.917,0.000,20.402,21.116,21.386,20.134,18.378,17.712,13.535,16.714
3828287574.231,8.023,10.867,1.448,0.000,20.392,21.087,21.405,19.985,18.382,17.703,13.532,16.703
3828287575.231,8.078,10.838,1.895,0.000,20.383,21.073,21.361,20.090,18.386,17.696,13.540,16.702
3828287576.214,8.658,10.731,2.167,3.182,20.377,21.112,21.403,20.065,18.377,17.664,13.533,16.731
3828287577.214,8.156,9.970,0.000,0.000,20.410,21.095,21.441,20.089,18.365,17.660,13.519,16.731
3828287578.214,7.889,10.666,1.805,0.000,20.390,21.142,21.425,20.023,18.385,17.631,13.536,16.730
3828287579.214,8.544,9.434,1.972,0.000,20.395,21.131,21.408,20.009,18.371,17.646,13.509,16.724
3828287580.214,8.621,10.956,3.136,0.000,20.366,21.145,21.401,20.010,18.378,17.630,13.500,16.737
3828287581.214,6.305,11.331,2.460,0.000,20.372,21.127,21.389,20.069,18.370,17.647,13.496,16.739
3828287582.214,8.418,10.576,2.646,0.000,20.389,21.146,21.385,20.064,18.376,17.608,13.516,16.750
3828287583.214,9.781,11.061,3.570,0.000,20.402,21.167,21.409,20.051,18.377,17.639,13.516,16.735
3828287584.214,6.551,10.866,1.956,0.000,20.395,21.156,21.406,20.133,18.364,17.650,13.489,16.752
3828287585.214,8.705,10.492,2.003,0.000,20.348,21.136,21.392,20.092,18.380,17.667,13.484,16.739
3828287586.241,8.839,10.578,2.743,3.182,20.396,21.075,21.371,20.125,18.409,17.708,13.557,16.726
3828287587.241,8.735,10.893,1.982,0.000,20.393,21.080,21.369,20.095,18.391,17.723,13.568,16.723
3828287588.241,8.061,10.763,0.000,0.000,20.397,21.061,21.372,20.142,18.389,17.694,13.543,16.744
3828287589.241,8.296,11.289,2.287,0.000,20.426,21.086,21.385,20.171,18.387,17.717,13.565,16.760
3828287590.241,8.702,10.639,3.286,0.000,20.412,21.108,21.390,20.141,18.392,17.696,13.547,16.740
3828287591.241,10.169,11.092,1.888,0.000,20.428,21.090,21.385,20.133,18.387,17.721,13.535,16.754
3828287592.241,8.024,10.024,3.106,0.000,20.417,21.070,21.373,20.142,18.424,17.739,13.504,16.753
3828287593.241,9.475,11.474,2.554,0.000,20.432,21.051,21.397,20.106,18.408,17.712,13.501,16.727
3828287594.241,7.932,10.931,1.225,0.000,20.426,21.044,21.385,20.125,18.426,17.719,13.534,16.738
3828287595.241,7.737,10.776,1.956,0.000,20.411,21.070,21.381,20.171,18.405,17.720,13.508,16.728
3828287596.197,7.873,10.607,1.012,3.182,20.454,21.065,21.389,20.072,18.376,17.729,13.512,16.724
3828287597.197,8.755,10.830,2.935,0.000,20.451,21.052,21.377,20.078,18.370,17.717,13.517,16.748
3828287598.197,8.004,10.209,4.141,0.000,20.418,21.062,21.382,20.130,18.407,17.702,13.509,16.734
3828287599.197,8.467,10.532,2.302,0.000,20.391,21.064,21.389,20.108,18.376,17.725,13.484,16.734
3828287600.197,8.847,10.891,2.059,0.000,20.412,21.068,21.381,20.106,18.381,17.720,13.506,16.758
3828287601.197,8.687,12.119,3.309,0.000,20.456,21.075,21.402,20.078,18.413,17.714,13.513,16.749
3828287602.197,9.723,10.387,2.985,0.000,20.446,21.074,21.363,20.146,18.401,17.718,13.485,16.770
3828287603.197,6.585,11.367,2.535,0.000,20.437,21.064,21.396,20.163,18.427,17.730,13.491,16.729
3828287604.197,9.274,9.566,1.946,0.000,20.401,21.064,21.381,20.106,18.422,17.724,13.468,16.753
3828287605.197,7.707,10.359,2.471,0.000,20.384,21.100,21.402,20.121,18.388,17.710,13.482,16.756
3828287606.213,8.893,11.102,2.451,3.182,20.393,21.126,21.387,20.110,18.393,17.666,13.387,16.720
3828287607.213,9.813,10.452,3.100,0.000,20.393,21.140,21.364,20.210,18.384,17.686,13.397,16.761
3828287608.213,14.558,10.669,2.203,0.000,20.418,21.127,21.397,20.036,18.364,17.705,13.393,16.749
3828287609.213,8.871,10.848,2.091,0.000,20.384,21.111,21.364,20.067,18.357,17.724,13.402,16.738
3828287610.213,9.056,11.017,1.600,0.000,20.382,21.070,21.393,20.198,18.358,17.717,13.366,16.735
3828287611.213,5.637,9.684,1.036,0.000,20.382,21.103,21.382,20.110,18.354,17.707,13.375,16.768
3828287612.213,10.085,9.753,2.391,0.000,20.426,21.111,21.353,20.059,18.331,17.734,13.371,16.795
3828287613.213,8.072,10.659,1.291,0.000,20.407,21.100,21.403,20.164,18.355,17.708,13.360,16.794
3828287614.213,8.566,11.029,4.112,0.000,20.395,21.095,21.370,20.122,18.383,17.703,13.347,16.830
3828287615.213,9.744,10.763,2.307,0.000,20.428,21.060,21.390,20.106,18.342,17.720,13.373,16.805
3828287616.226,9.406,10.632,2.443,3.182,20.409,21.056,21.339,20.238,18.464,17.771,13.356,16.755
3828287617.226,8.361,11.196,1.989,0.000,20.411,21.046,21.339,20.186,18.487,17.791,13.370,16.749
3828287618.226,8.002,10.754,2.865,0.000,20.397,21.003,21.338,20.199,18.471,17.787,13.318,16.727
3828287619.226,8.413,10.110,2.364,0.000,20.406,21.002,21.392,20.177,18.493,17.792,13.320,16.731
3828287620.226,9.861,10.968,3.462,0.000,20.411,20.982,21.377,20.251,18.508,17.785,13.334,16.756
3828287621.226,10.596,9.017,2.853,0.000,20.412,20.989,21.366,20.204,18.540,17.749,13.310,16.733
3828287622.226,8.536,10.034,3.041,0.000,20.416,21.028,21.355,20.202,18.537,17.739,13.293,16.726
3828287623.226,8.758,10.957,1.819,0.000,20.391,21.009,21.372,20.216,18.568,17.732,13.318,16.720
3828287624.226,9.829,10.746,3.413,0.000,20.406,21.004,21.405,20.232,18.577,17.707,13.315,16.661
3828287625.226,11.277,10.415,2.045,0.000,20.416,20.981,21.379,20.246,18.520,17.727,13.328,16.667
3828287626.214,8.451,10.759,2.682,3.182,20.376,21.022,21.372,20.073,18.545,17.748,13.301,16.623
3828287627.214,8.212,10.459,0.479,0.000,20.352,21.055,21.370,20.153,18.559,17.723,13.259,16.690
3828287628.214,8.151,10.942,0.807,0.000,20.350,21.053,21.327,20.112,18.536,17.758,13.259,16.695
3828287629.214,8.750,11.454,3.319,0.000,20.330,21.068,21.400,20.169,18.534,17.712,13.247,16.674
3828287630.214,8.958,10.492,1.860,0.000,20.374,21.044,21.345,20.088,18.493,17.764,13.246,16.642
3828287631.214,8.863,12.718,3.083,0.000,20.325,21.047,21.375,20.267,18.503,17.716,13.210,16.653
3828287632.214,8.688,10.498,2.671,0.000,20.392,21.072,21.359,20.269,18.502,17.716,13.222,16.688
3828287633.214,8.727,10.627,3.142,0.000,20.342,21.050,21.364,20.175,18.491,17.743,13.159,16.663
3828287634.214,8.865,10.908,3.096,0.000,20.344,21.075,21.353,20.119,18.491,17.748,13.168,16.709
3828287635.214,8.960,12.285,3.784,0.000,20.362,21.052,21.377,20.195,18.498,17.734,13.110,16.703
3828287636.213,7.903,10.604,2.835,3.182,20.350,21.057,21.359,20.119,18.546,17.742,13.201,16.670
3828287637.213,7.711,9.199,2.438,0.000,20.341,21.020,21.342,20.234,18.534,17.740,13.201,16.696
3828287638.213,7.777,10.479,2.875,0.000,20.335,21.061,21.355,20.174,18.553,17.736,13.172,16.665
3828287639.213,7.831,9.375,2.845,0.000,20.326,21.074,21.358,20.165,18.524,17.750,13.191,16.662
3828287640.213,7.920,10.516,3.650,0.000,20.342,21.060,21.380,20.256,18.507,17.705,13.190,16.631
3828287641.213,8.688,10.813,1.658,0.000,20.343,21.047,21.360,20.171,18.503,17.723,13.154,16.629
3828287642.213,8.415,10.818,1.979,0.000,20.384,21.055,21.331,20.222,18.485,17.743,13.140,16.667
3828287643.213,7.619,11.039,1.712,0.000,20.361,21.047,21.358,20.216,18.491,17.691,13.140,16.641
3828287644.213,8.203,10.681,1.737,0.000,20.368,21.029,21.348,20.220,18.511,17.724,13.142,16.616
3828287645.213,4.967,11.009,1.719,0.000,20.403,21.049,21.357,20.206,18.500,17.719,13.136,16.611
