3828279779.869,8.212,10.786,2.947,3.131,20.289,20.265,20.776,19.626,18.297,17.754,14.011,16.914
3828279780.869,7.836,10.954,2.780,0.000,20.306,20.264,20.797,19.608,18.335,17.765,14.016,16.934
3828279781.869,8.678,10.288,1.736,0.000,20.320,20.240,20.784,19.700,18.314,17.775,14.006,16.942
3828279782.869,8.261,10.946,1.791,0.000,20.302,20.241,20.799,19.718,18.300,17.774,13.979,16.906
3828279783.869,9.186,11.311,1.691,0.000,20.328,20.232,20.769,19.689,18.280,17.758,14.012,16.940
3828279784.869,8.083,10.697,1.788,0.000,20.303,20.248,20.767,19.697,18.279,17.790,13.982,16.939
3828279785.869,13.291,10.754,2.375,0.000,20.269,20.219,20.746,19.652,18.283,17.788,13.979,16.939
3828279786.869,9.002,10.971,2.217,0.000,20.279,20.236,20.775,19.764,18.322,17.767,13.983,16.948
3828279787.869,11.437,11.039,1.856,0.000,20.254,20.246,20.762,19.721,18.283,17.763,14.010,16.942
3828279788.869,7.621,10.778,0.479,0.000,20.252,20.248,20.764,19.626,18.254,17.757,13.999,16.947
3828279850.263,9.260,12.356,2.039,3.131,20.265,20.174,20.818,19.654,18.355,17.756,13.961,16.838
3828279851.263,8.350,10.056,1.180,0.000,20.261,20.176,20.742,19.595,18.352,17.777,13.970,16.859
3828279852.263,9.772,11.198,2.755,0.000,20.217,20.170,20.764,19.746,18.374,17.744,13.956,16.856
3828279853.263,8.621,10.500,2.885,0.000,20.249,20.202,20.727,19.720,18.377,17.750,13.969,16.828
3828279854.263,8.285,10.800,1.868,0.000,20.240,20.212,20.736,19.669,18.377,17.748,13.938,16.871
3828279855.263,5.484,10.811,1.935,0.000,20.197,20.221,20.691,19.683,18.355,17.771,13.942,16.862
3828279856.263,8.639,10.257,1.677,0.000,20.201,20.205,20.685,19.690,18.381,17.765,13.988,16.845
3828279857.263,9.811,10.503,2.649,0.000,20.208,20.220,20.706,19.702,18.376,17.783,13.988,16.852
3828279858.263,9.394,12.150,3.669,0.000,20.222,20.201,20.697,19.736,18.368,17.768,13.983,16.834
3828279859.263,8.170,10.550,0.000,0.000,20.191,20.172,20.682,19.716,18.408,17.776,14.054,16.820
3828279860.276,9.120,10.886,1.571,3.131,20.207,20.146,20.708,19.634,18.403,17.780,14.033,16.877
3828279861.276,6.874,10.811,2.712,0.000,20.222,20.131,20.696,19.634,18.375,17.787,13.997,16.855
3828279862.276,9.814,10.772,2.010,0.000,20.203,20.139,20.699,19.680,18.385,17.816,14.011,16.838
3828279863.276,8.482,10.149,3.096,0.000,20.227,20.129,20.670,19.658,18.398,17.771,14.039,16.833
3828279864.276,8.218,10.985,1.728,0.000,20.199,20.205,20.662,19.637,18.331,17.786,14.041,16.878
3828279865.276,8.795,10.699,4.726,0.000,20.205,20.182,20.682,19.676,18.351,17.739,14.058,16.862
3828279866.276,7.869,11.148,1.105,0.000,20.206,20.170,20.669,19.670,18.345,17.785,14.000,16.861
3828279867.276,7.761,10.026,2.613,0.000,20.213,20.167,20.634,19.591,18.359,17.831,14.012,16.854
3828279868.276,9.801,11.088,2.270,0.000,20.222,20.179,20.689,19.669,18.340,17.798,14.058,16.875
3828279869.276,8.757,10.340,2.158,0.000,20.222,20.107,20.672,19.617,18.334,17.798,14.023,16.840
3828279870.290,7.851,10.404,2.963,3.131,20.147,20.137,20.693,19.676,18.423,17.734,14.015,16.813
3828279871.290,8.628,10.626,4.103,0.000,20.160,20.136,20.668,19.582,18.410,17.728,14.037,16.820
3828279872.290,8.815,10.873,1.677,0.000,20.138,20.137,20.661,19.606,18.419,17.713,14.044,16.823
3828279873.290,9.255,10.435,3.044,0.000,20.159,20.112,20.676,19.638,18.397,17.737,14.026,16.786
3828279874.290,9.844,10.693,3.107,0.000,20.163,20.135,20.683,19.534,18.393,17.756,14.050,16.801
3828279875.290,8.850,10.783,2.044,0.000,20.157,20.137,20.687,19.651,18.383,17.707,14.044,16.763
3828279876.290,9.076,11.144,4.399,0.000,20.141,20.134,20.662,19.646,18.374,17.747,14.041,16.749
3828279877.290,8.477,10.277,2.837,0.000,20.181,20.119,20.674,19.574,18.388,17.719,14.058,16.738
3828279878.290,8.509,10.279,2.980,0.000,20.171,20.135,20.659,19.580,18.357,17.712,14.068,16.736
3828279879.290,7.990,10.499,3.989,0.000,20.180,20.105,20.697,19.556,18.339,17.717,14.019,16.777
3828279880.280,6.079,11.453,2.620,3.131,20.178,20.203,20.628,19.631,18.299,17.694,14.077,16.855
3828279881.280,8.044,10.733,0.504,0.000,20.186,20.144,20.585,19.662,18.297,17.731,14.074,16.836
3828279882.280,8.726,10.713,2.812,0.000,20.196,20.159,20.573,19.609,18.292,17.729,14.109,16.850
3828279883.280,8.306,10.615,2.249,0.000,20.173,20.152,20.565,19.593,18.288,17.740,14.095,16.879
3828279884.280,7.809,10.606,4.963,0.000,20.185,20.131,20.591,19.590,18.300,17.737,14.090,16.822
3828279885.280,7.707,10.541,5.460,0.000,20.174,20.119,20.570,19.690,18.305,17.739,14.080,16.860
3828279886.280,6.618,11.404,2.412,0.000,20.173,20.140,20.580,19.596,18.315,17.752,14.075,16.866
3828279887.280,7.822,10.881,5.088,0.000,20.150,20.121,20.587,19.615,18.290,17.755,14.052,16.850
3828279888.280,8.477,11.058,3.256,0.000,20.151,20.122,20.585,19.611,18.315,17.780,14.054,16.837
3828279889.280,9.795,11.127,1.838,0.000,20.175,20.100,20.606,19.583,18.315,17.778,14.070,16.834
3828279890.308,8.546,10.644,2.433,3.131,20.136,20.054,20.634,19.640,18.355,17.735,14.058,16.848
3828279891.308,8.812,10.785,1.901,0.000,20.157,20.070,20.597,19.583,18.349,17.756,14.071,16.835
3828279892.308,8.498,10.757,2.101,0.000,20.153,20.025,20.627,19.629,18.359,17.697,14.062,16.838
3828279893.308,8.085,10.860,1.649,0.000,20.140,20.052,20.613,19.653,18.364,17.696,14.071,16.840
3828279894.308,9.120,9.688,3.180,0.000,20.146,20.042,20.605,19.567,18.374,17.734,14.086,16.816
3828279895.308,9.877,10.249,0.852,0.000,20.121,20.083,20.623,19.580,18.309,17.718,14.067,16.828
3828279896.308,7.963,10.543,1.720,0.000,20.154,20.033,20.630,19.575,18.336,17.695,14.055,16.815
3828279897.308,9.217,10.566,0.081,0.000,20.128,20.024,20.569,19.646,18.363,17.701,14.076,16.817
3828279898.308,7.926,10.134,3.986,0.000,20.132,20.031,20.599,19.598,18.323,17.711,14.074,16.837
3828279899.308,9.173,11.005,1.694,0.000,20.136,20.034,20.599,19.619,18.340,17.686,14.080,16.839
3828279900.277,7.717,10.661,0.865,3.131,20.089,20.100,20.599,19.472,18.246,17.647,14.040,16.798
3828279901.277,7.789,10.312,3.690,0.000,20.099,20.135,20.590,19.556,18.237,17.633,14.068,16.831
3828279902.277,8.762,11.046,3.215,0.000,20.083,20.137,20.615,19.517,18.231,17.626,14.062,16.810
3828279903.277,9.760,11.182,1.874,0.000,20.074,20.116,20.592,19.527,18.220,17.633,14.040,16.793
3828279904.277,7.782,10.789,1.207,0.000,20.082,20.108,20.544,19.469,18.222,17.677,14.069,16.809
3828279905.277,8.365,10.534,0.000,0.000,20.096,20.088,20.607,19.562,18.210,17.640,14.074,16.808
3828279906.277,3.654,10.902,1.847,0.000,20.110,20.055,20.594,19.539,18.213,17.593,14.040,16.784
3828279907.277,9.454,10.574,3.144,0.000,20.091,20.046,20.573,19.460,18.218,17.625,14.087,16.819
3828279908.277,8.608,9.976,1.823,0.000,20.093,20.085,20.604,19.541,18.213,17.595,14.065,16.801
3828279909.277,9.062,10.684,2.569,0.000,20.099,20.032,20.627,19.465,18.245,17.625,14.014,16.810
3828279910.184,8.674,12.713,2.855,3.131,20.124,20.018,20.536,19.611,18.297,17.736,14.030,16.808
3828279911.184,8.495,10.809,0.442,0.000,20.061,20.060,20.526,19.610,18.277,17.695,14.034,16.796
3828279912.184,8.216,10.515,1.520,0.000,20.059,20.069,20.555,19.673,18.283,17.696,14.039,16.801
3828279913.184,8.099,10.439,3.499,0.000,20.083,20.077,20.541,19.610,18.298,17.687,14.044,16.767
3828279914.184,8.378,8.205,0.296,0.000,20.055,20.101,20.549,19.677,18.289,17.675,14.057,16.762
3828279915.184,8.283,10.850,2.766,0.000,20.027,20.102,20.543,19.712,18.309,17.686,14.070,16.772
3828279916.184,8.562,10.750,1.630,0.000,20.044,20.152,20.546,19.607,18.328,17.672,14.082,16.792
3828279917.184,8.621,10.527,2.399,0.000,20.015,20.186,20.554,19.591,18.350,17.688,14.054,16.738
3828279918.184,9.726,10.957,3.493,0.000,20.043,20.260,20.547,19.565,18.323,17.683,14.079,16.732
3828279919.184,8.691,10.520,2.603,0.000,20.036,20.238,20.536,19.593,18.313,17.648,14.085,16.729
3828279920.217,8.279,10.795,2.084,3.131,20.069,20.316,20.459,19.667,18.217,17.683,14.125,16.841
3828279921.217,7.710,10.294,4.369,0.000,20.051,20.365,20.451,19.663,18.252,17.691,14.118,16.802
3828279922.217,8.096,10.732,1.673,0.000,20.060,20.420,20.488,19.582,18.196,17.662,14.125,16.826
3828279923.217,8.268,10.978,2.142,0.000,20.036,20.428,20.515,19.556,18.190,17.640,14.089,16.804
3828279924.217,8.724,10.927,3.096,0.000,20.093,20.455,20.494,19.535,18.197,17.658,14.151,16.811
3828279925.217,8.210,10.432,0.000,0.000,20.064,20.463,20.519,19.615,18.193,17.660,14.150,16.794
3828279926.217,12.359,10.653,2.531,0.000,20.126,20.495,20.462,19.504,18.170,17.661,14.135,16.830
3828279927.217,8.252,10.801,2.030,0.000,20.061,20.480,20.510,19.538,18.189,17.654,14.119,16.814
3828279928.217,8.427,10.986,2.001,0.000,20.079,20.516,20.468,19.540,18.157,17.669,14.120,16.849
3828279929.217,7.936,10.610,0.319,0.000,20.065,20.525,20.510,19.538,18.155,17.645,14.081,16.832
3828279930.245,5.425,11.034,1.917,3.131,20.065,20.566,20.492,19.479,18.142,17.626,14.116,16.808
3828279931.245,8.127,10.732,2.709,0.000,20.076,20.563,20.499,19.441,18.143,17.685,14.113,16.813
3828279932.245,8.778,11.061,4.473,0.000,20.063,20.567,20.515,19.460,18.140,17.608,14.107,16.826
3828279933.245,7.799,10.519,2.830,0.000,20.071,20.591,20.467,19.461,18.165,17.663,14.129,16.831
3828279934.245,8.898,10.993,4.223,0.000,20.065,20.597,20.506,19.458,18.103,17.639,14.075,16.854
3828279935.245,8.201,10.937,1.776,0.000,20.091,20.583,20.482,19.490,18.121,17.625,14.094,16.831
3828279936.245,8.471,10.077,3.472,0.000,20.102,20.598,20.499,19.514,18.119,17.659,14.110,16.832
3828279937.245,7.705,10.696,1.634,0.000,20.102,20.608,20.514,19.528,18.110,17.609,14.079,16.816
3828279938.245,8.976,10.862,2.465,0.000,20.084,20.590,20.492,19.543,18.116,17.652,14.086,16.829
3828279939.245,7.779,10.728,3.053,0.000,20.056,20.607,20.514,19.514,18.077,17.631,14.088,16.815
3828279940.198,8.695,10.912,3.378,3.131,20.000,20.629,20.421,19.531,18.213,17.709,14.098,16.788
3828279941.198,7.831,10.431,2.934,0.000,20.001,20.622,20.454,19.535,18.220,17.652,14.086,16.803
3828279942.198,5.233,11.100,2.607,0.000,20.028,20.633,20.424,19.504,18.209,17.712,14.125,16.794
3828279943.198,7.843,10.408,2.482,0.000,19.980,20.639,20.477,19.486,18.215,17.703,14.091,16.810
3828279944.198,8.332,10.735,2.530,0.000,20.024,20.605,20.453,19.499,18.212,17.729,14.135,16.808
3828279945.198,7.836,11.001,1.385,0.000,19.994,20.622,20.442,19.547,18.220,17.735,14.054,16.800
3828279946.198,8.882,8.992,1.698,0.000,20.019,20.648,20.472,19.523,18.191,17.682,14.112,16.803
3828279947.198,8.651,10.942,2.108,0.000,20.003,20.612,20.443,19.503,18.234,17.679,14.116,16.800
3828279948.198,9.645,10.558,3.451,0.000,20.011,20.643,20.467,19.487,18.217,17.640,14.126,16.808
3828279949.198,8.739,10.887,2.117,0.000,20.018,20.562,20.463,19.499,18.241,17.659,14.110,16.800
3828279950.167,9.535,11.250,1.786,3.131,19.972,20.623,20.586,19.516,18.178,17.580,14.085,16.744
3828279951.167,8.587,11.097,1.798,0.000,19.995,20.628,20.524,19.528,18.136,17.589,14.109,16.786
3828279952.167,9.012,10.892,2.083,0.000,19.963,20.598,20.528,19.496,18.169,17.524,14.098,16.752
3828279953.167,7.847,10.726,1.515,0.000,19.973,20.630,20.514,19.420,18.147,17.550,14.121,16.764
3828279954.167,9.471,9.962,3.322,0.000,19.960,20.577,20.540,19.541,18.149,17.582,14.091,16.741
3828279955.167,8.261,11.279,2.663,0.000,19.988,20.586,20.537,19.461,18.131,17.577,14.139,16.767
3828279956.167,8.615,10.746,1.875,0.000,19.950,20.606,20.508,19.522,18.156,17.608,14.109,16.757
3828279957.167,9.582,11.263,0.412,0.000,19.975,20.638,20.540,19.457,18.126,17.573,14.100,16.782
3828279958.167,9.626,11.921,1.187,0.000,19.986,20.648,20.491,19.494,18.111,17.581,14.132,16.771
3828279959.167,9.716,10.843,0.550,0.000,19.951,20.652,20.526,19.521,18.136,17.571,14.129,16.769
3828279960.124,8.289,10.668,2.830,3.131,19.933,20.599,20.548,19.568,18.229,17.617,14.078,16.762
3828279961.124,8.293,11.125,0.830,0.000,19.978,20.611,20.520,19.569,18.236,17.647,14.074,16.749
3828279962.124,7.923,10.392,4.543,0.000,19.931,20.564,20.506,19.520,18.247,17.637,14.090,16.714
3828279963.124,8.329,10.012,2.967,0.000,19.915,20.586,20.533,19.546,18.234,17.627,14.037,16.759
3828279964.124,8.160,10.438,3.989,0.000,19.947,20.589,20.524,19.509,18.212,17.625,14.078,16.768
3828279965.124,7.853,10.390,2.965,0.000,19.922,20.594,20.524,19.619,18.208,17.613,14.062,16.768
3828279966.124,8.476,12.231,2.727,0.000,19.939,20.604,20.570,19.572,18.160,17.612,14.085,16.762
3828279967.124,7.736,10.677,1.605,0.000,19.966,20.551,20.568,19.549,18.164,17.633,14.100,16.758
3828279968.124,9.786,10.561,1.919,0.000,19.938,20.571,20.571,19.552,18.199,17.601,14.101,16.758
3828279969.124,9.140,10.775,2.118,0.000,19.918,20.549,20.593,19.548,18.205,17.632,14.077,16.776
3828279970.153,7.433,11.007,1.746,3.131,19.933,20.567,20.579,19.491,18.171,17.564,14.111,16.740
3828279971.153,8.756,11.130,1.907,0.000,19.885,20.599,20.586,19.526,18.148,17.537,14.105,16.735
3828279972.153,8.353,11.027,1.900,0.000,19.907,20.604,20.625,19.467,18.157,17.539,14.108,16.751
3828279973.153,8.831,10.989,1.809,0.000,19.932,20.580,20.588,19.518,18.167,17.533,14.141,16.751
3828279974.153,8.920,11.098,1.842,0.000,19.872,20.548,20.602,19.475,18.171,17.549,14.127,16.723
3828279975.153,8.384,10.186,5.490,0.000,19.935,20.548,20.615,19.531,18.175,17.514,14.084,16.754
3828279976.153,8.301,10.251,2.051,0.000,19.923,20.586,20.619,19.481,18.163,17.529,14.129,16.781
3828279977.153,8.750,10.799,3.016,0.000,19.917,20.598,20.588,19.456,18.167,17.562,14.153,16.752
3828279978.153,8.899,10.772,2.967,0.000,19.900,20.566,20.631,19.465,18.180,17.580,14.135,16.763
3828279979.153,8.956,11.212,2.369,0.000,19.913,20.553,20.606,19.486,18.187,17.581,14.102,16.753
3828279980.170,8.857,10.991,2.104,3.131,19.905,20.586,20.601,19.597,18.099,17.658,14.109,16.780
3828279981.170,8.785,10.741,1.859,0.000,19.910,20.608,20.627,19.635,18.102,17.606,14.134,16.768
3828279982.170,8.383,10.064,1.915,0.000,19.943,20.623,20.590,19.595,18.094,17.628,14.124,16.781
3828279983.170,8.201,10.625,0.000,0.000,19.959,20.635,20.567,19.604,18.116,17.642,14.126,16.796
3828279984.170,5.446,11.216,2.571,0.000,19.919,20.627,20.581,19.609,18.108,17.626,14.128,16.786
3828279985.170,8.411,12.214,2.652,0.000,19.887,20.633,20.608,19.621,18.166,17.574,14.113,16.768
3828279986.170,7.967,10.593,1.960,0.000,19.906,20.646,20.609,19.611,18.158,17.592,14.107,16.769
3828279987.170,8.102,10.790,1.495,0.000,19.892,20.604,20.632,19.555,18.139,17.575,14.144,16.782
3828279988.170,8.435,10.597,4.285,0.000,19.922,20.614,20.609,19.563,18.163,17.604,14.150,16.763
3828279989.170,8.792,10.657,2.027,0.000,19.923,20.573,20.640,19.592,18.146,17.620,14.132,16.786
3828279990.123,7.929,10.697,4.634,3.131,19.890,20.610,20.618,19.679,18.131,17.593,14.128,16.804
3828279991.123,8.919,10.403,3.081,0.000,19.903,20.615,20.592,19.595,18.158,17.590,14.128,16.800
3828279992.123,8.612,10.857,0.000,0.000,19.930,20.528,20.625,19.687,18.157,17.579,14.130,16.753
3828279993.123,8.616,10.771,3.061,0.000,19.903,20.552,20.661,19.645,18.153,17.605,14.113,16.768
3828279994.123,8.145,10.728,2.809,0.000,19.898,20.544,20.669,19.636,18.162,17.577,14.132,16.794
3828279995.123,8.644,10.411,2.351,0.000,19.923,20.542,20.663,19.594,18.166,17.558,14.138,16.806
3828279996.123,8.154,10.573,3.369,0.000,19.906,20.506,20.644,19.655,18.185,17.570,14.130,16.748
3828279997.123,8.814,10.612,2.524,0.000,19.878,20.525,20.684,19.704,18.208,17.594,14.093,16.742
3828279998.123,8.270,11.074,2.451,0.000,19.881,20.536,20.668,19.637,18.189,17.635,14.072,16.776
3828279999.123,8.751,10.633,2.836,0.000,19.894,20.523,20.675,19.626,18.194,17.642,14.117,16.780
3828280000.140,8.637,10.886,2.525,3.131,19.895,20.508,20.621,19.691,18.268,17.648,14.167,16.725
3828280001.140,8.298,10.535,2.380,0.000,19.914,20.503,20.622,19.573,18.291,17.645,14.171,16.731
3828280002.140,7.739,10.731,3.704,0.000,19.899,20.518,20.613,19.575,18.324,17.668,14.142,16.777
3828280003.140,7.902,10.576,1.486,0.000,19.874,20.497,20.646,19.593,18.295,17.637,14.134,16.783
3828280004.140,4.742,10.228,2.631,0.000,19.907,20.473,20.644,19.510,18.238,17.679,14.157,16.810
3828280005.140,8.612,10.737,3.007,0.000,19.896,20.481,20.625,19.455,18.256,17.699,14.163,16.794
3828280006.140,9.194,12.738,2.812,0.000,19.874,20.488,20.609,19.487,18.248,17.636,14.155,16.810
3828280007.140,9.088,10.492,2.781,0.000,19.944,20.526,20.604,19.610,18.244,17.688,14.158,16.810
3828280008.140,8.160,10.814,1.935,0.000,19.899,20.541,20.598,19.498,18.262,17.698,14.156,16.776
3828280009.140,7.771,10.505,2.672,0.000,19.876,20.569,20.625,19.533,18.242,17.699,14.172,16.808
3828280010.153,9.863,10.239,2.039,3.131,19.902,20.546,20.632,19.578,18.167,17.656,14.200,16.806
3828280011.153,9.315,10.463,0.534,0.000,19.904,20.536,20.623,19.582,18.193,17.652,14.197,16.778
3828280012.153,8.423,10.685,1.982,0.000,19.910,20.555,20.652,19.563,18.191,17.646,14.209,16.812
3828280013.153,6.182,10.820,1.415,0.000,19.898,20.560,20.659,19.604,18.168,17.648,14.200,16.792
3828280014.153,8.014,10.618,2.427,0.000,19.900,20.541,20.678,19.587,18.160,17.617,14.199,16.822
3828280015.153,8.335,10.594,1.896,0.000,19.905,20.540,20.689,19.501,18.139,17.648,14.183,16.829
3828280016.153,8.189,10.834,1.538,0.000,19.898,20.568,20.656,19.514,18.182,17.614,14.206,16.844
3828280017.153,7.888,10.637,3.937,0.000,19.904,20.561,20.669,19.561,18.133,17.651,14.196,16.875
3828280018.153,7.714,10.365,3.003,0.000,19.939,20.538,20.651,19.572,18.128,17.650,14.151,16.849
3828280019.153,8.935,10.310,1.208,0.000,19.933,20.508,20.666,19.573,18.135,17.658,14.159,16.831
3828280020.153,9.512,10.855,2.123,3.131,19.890,20.539,20.638,19.692,18.192,17.677,14.182,16.818
3828280021.153,5.490,11.051,1.938,0.000,19.865,20.535,20.632,19.628,18.210,17.668,14.184,16.803
3828280022.153,7.893,10.781,2.614,0.000,19.863,20.522,20.642,19.694,18.209,17.665,14.190,16.800
3828280023.153,8.288,10.840,0.202,0.000,19.865,20.518,20.672,19.699,18.205,17.661,14.202,16.801
3828280024.153,8.241,11.263,5.095,0.000,19.897,20.563,20.696,19.732,18.169,17.620,14.246,16.815
3828280025.153,8.695,10.548,3.203,0.000,19.922,20.578,20.653,19.614,18.170,17.646,14.249,16.815
3828280026.153,7.721,10.730,3.051,0.000,19.905,20.542,20.668,19.656,18.180,17.652,14.207,16.801
3828280027.153,8.772,10.821,2.038,0.000,19.910,20.496,20.693,19.596,18.187,17.638,14.187,16.842
3828280028.153,8.159,12.106,2.903,0.000,19.899,20.550,20.665,19.611,18.144,17.642,14.207,16.873
3828280029.153,8.308,11.096,5.426,0.000,19.902,20.524,20.655,19.631,18.171,17.675,14.183,16.853
3828280030.189,9.760,10.770,2.416,3.131,19.840,20.518,20.710,19.699,18.219,17.654,14.126,16.808
3828280031.189,8.525,10.106,3.450,0.000,19.852,20.490,20.640,19.628,18.268,17.684,14.135,16.769
3828280032.189,8.026,11.365,1.397,0.000,19.871,20.515,20.700,19.702,18.211,17.664,14.154,16.817
3828280033.189,7.507,11.799,2.826,0.000,19.873,20.500,20.677,19.703,18.274,17.683,14.136,16.789
3828280034.189,8.864,10.709,1.717,0.000,19.859,20.482,20.684,19.699,18.300,17.661,14.101,16.767
3828280035.189,8.409,10.952,2.732,0.000,19.816,20.516,20.662,19.708,18.276,17.679,14.106,16.816
3828280036.189,8.199,10.373,3.476,0.000,19.831,20.513,20.676,19.791,18.279,17.693,14.126,16.783
3828280037.189,8.471,12.229,3.648,0.000,19.823,20.497,20.702,19.754,18.299,17.661,14.176,16.776
3828280038.189,14.411,10.512,2.461,0.000,19.835,20.512,20.694,19.756,18.286,17.640,14.183,16.770
3828280039.189,8.923,11.121,2.500,0.000,19.826,20.514,20.667,19.669,18.291,17.689,14.170,16.801
3828280040.198,8.837,10.610,2.903,3.131,19.845,20.517,20.699,19.564,18.199,17.649,14.175,16.804
3828280041.198,9.799,10.619,2.138,0.000,19.848,20.474,20.729,19.583,18.209,17.628,14.161,16.767
3828280042.198,8.007,10.502,2.848,0.000,19.849,20.520,20.750,19.673,18.181,17.599,14.183,16.837
3828280043.198,8.592,10.198,1.381,0.000,19.885,20.502,20.702,19.563,18.256,17.594,14.204,16.806
3828280044.198,7.907,10.819,2.011,0.000,19.864,20.470,20.730,19.608,18.248,17.666,14.133,16.802
3828280045.198,7.777,10.386,2.863,0.000,19.842,20.501,20.758,19.698,18.222,17.692,14.124,16.813
3828280046.198,9.039,10.998,2.507,0.000,19.878,20.497,20.717,19.646,18.242,17.678,14.144,16.827
3828280047.198,7.852,11.663,2.349,0.000,19.844,20.473,20.678,19.675,18.279,17.695,14.115,16.807
3828280048.198,8.162,9.846,2.306,0.000,19.835,20.482,20.741,19.656,18.284,17.658,14.108,16.831
3828280049.198,8.755,10.625,1.903,0.000,19.839,20.476,20.678,19.684,18.274,17.706,14.126,16.811
3828280050.154,8.034,10.649,2.349,3.131,19.907,20.456,20.661,19.654,18.303,17.722,14.196,16.856
3828280051.154,7.613,10.995,5.074,0.000,19.876,20.454,20.663,19.676,18.286,17.731,14.191,16.824
3828280052.154,8.053,8.827,2.171,0.000,19.879,20.469,20.677,19.640,18.253,17.714,14.181,16.865
3828280053.154,7.890,10.610,1.269,0.000,19.884,20.496,20.627,19.640,18.272,17.716,14.201,16.827
3828280054.154,7.767,10.405,2.943,0.000,19.848,20.499,20.667,19.673,18.297,17.762,14.183,16.831
3828280055.154,14.780,10.512,2.437,0.000,19.890,20.491,20.696,19.619,18.264,17.751,14.220,16.839
3828280056.154,4.762,10.492,2.994,0.000,19.856,20.510,20.619,19.640,18.288,17.741,14.193,16.818
3828280057.154,7.769,10.458,0.770,0.000,19.863,20.517,20.635,19.691,18.266,17.711,14.202,16.832
3828280058.154,8.792,10.955,1.969,0.000,19.847,20.507,20.661,19.663,18.239,17.669,14.211,16.843
3828280059.154,9.948,11.170,3.149,0.000,19.875,20.533,20.685,19.606,18.233,17.698,14.240,16.862
3828280060.119,8.623,10.801,1.946,3.131,19.866,20.468,20.700,19.716,18.395,17.701,14.187,16.789
3828280061.119,8.034,10.820,1.968,0.000,19.861,20.511,20.707,19.669,18.352,17.705,14.200,16.849
3828280062.119,7.967,10.155,3.101,0.000,19.898,20.421,20.671,19.729,18.305,17.724,14.199,16.838
3828280063.119,9.789,10.627,2.814,0.000,19.849,20.419,20.682,19.808,18.299,17.716,14.196,16.841
3828280064.119,8.124,10.762,3.302,0.000,19.854,20.417,20.690,19.648,18.288,17.706,14.195,16.868
3828280065.119,7.759,11.813,1.654,0.000,19.902,20.471,20.659,19.702,18.299,17.716,14.186,16.814
3828280066.119,9.228,11.195,2.177,0.000,19.873,20.476,20.659,19.704,18.307,17.699,14.194,16.847
3828280067.119,8.021,10.655,1.838,0.000,19.871,20.509,20.644,19.669,18.272,17.770,14.197,16.863
3828280068.119,8.771,10.584,3.085,0.000,19.841,20.541,20.667,19.711,18.295,17.775,14.181,16.878
3828280069.119,9.730,11.339,2.710,0.000,19.892,20.532,20.670,19.678,18.273,17.731,14.228,16.844
3828280070.072,9.091,10.485,2.484,3.131,19.864,20.476,20.651,19.650,18.352,17.712,14.208,16.844
3828280071.072,9.001,11.177,2.821,0.000,19.846,20.441,20.709,19.551,18.291,17.716,14.201,16.839
3828280072.072,7.623,10.990,1.244,0.000,19.882,20.408,20.699,19.725,18.316,17.745,14.214,16.840
3828280073.072,8.083,8.597,3.692,0.000,19.870,20.501,20.703,19.677,18.281,17.720,14.193,16.872
3828280074.072,9.577,12.177,2.088,0.000,19.879,20.498,20.636,19.644,18.285,17.734,14.223,16.877
3828280075.072,7.901,9.847,1.245,0.000,19.851,20.510,20.670,19.611,18.308,17.787,14.197,16.830
3828280076.072,8.620,11.099,3.686,0.000,19.870,20.554,20.689,19.647,18.243,17.712,14.238,16.873
3828280077.072,9.495,10.057,2.819,0.000,19.903,20.537,20.674,19.554,18.276,17.724,14.273,16.848
3828280078.072,7.964,10.940,1.933,0.000,19.872,20.544,20.680,19.680,18.227,17.696,14.234,16.862
3828280079.072,7.947,10.139,3.548,0.000,19.885,20.536,20.700,19.567,18.213,17.715,14.301,16.855
3828280080.026,8.579,10.597,2.121,3.131,19.891,20.444,20.714,19.763,18.311,17.734,14.234,16.880
3828280081.026,8.033,10.483,2.732,0.000,19.885,20.479,20.670,19.706,18.316,17.724,14.236,16.858
3828280082.026,8.620,10.750,2.194,0.000,19.873,20.465,20.672,19.756,18.308,17.760,14.222,16.897
3828280083.026,8.054,10.395,3.562,0.000,19.898,20.526,20.688,19.726,18.291,17.760,14.229,16.879
3828280084.026,12.001,10.739,2.033,0.000,19.886,20.508,20.636,19.713,18.293,17.718,14.252,16.872
3828280085.026,8.192,10.429,3.006,0.000,19.892,20.549,20.679,19.665,18.232,17.720,14.253,16.909
3828280086.026,7.862,10.647,2.834,0.000,19.876,20.543,20.667,19.715,18.240,17.731,14.253,16.870
3828280087.026,9.635,10.832,2.253,0.000,19.889,20.555,20.724,19.723,18.252,17.661,14.274,16.876
3828280088.026,8.310,10.838,1.732,0.000,19.933,20.496,20.713,19.630,18.230,17.719,14.250,16.897
3828280089.026,8.701,10.902,2.480,0.000,19.925,20.495,20.743,19.643,18.203,17.697,14.227,16.933
3828280090.029,8.438,9.736,5.153,3.131,19.840,20.512,20.760,19.660,18.251,17.641,14.214,16.850
3828280091.029,8.631,11.055,3.444,0.000,19.910,20.498,20.776,19.679,18.276,17.687,14.188,16.864
3828280092.029,8.863,10.786,2.909,0.000,19.862,20.470,20.771,19.644,18.311,17.702,14.170,16.840
3828280093.029,8.294,10.952,2.318,0.000,19.863,20.491,20.738,19.723,18.318,17.693,14.194,16.865
3828280094.029,9.605,11.663,1.471,0.000,19.839,20.509,20.710,19.710,18.325,17.764,14.172,16.843
3828280095.029,8.885,10.869,1.977,0.000,19.832,20.480,20.737,19.739,18.352,17.727,14.161,16.866
3828280096.029,6.815,10.729,3.495,0.000,19.863,20.507,20.722,19.669,18.342,17.715,14.217,16.833
3828280097.029,7.882,10.621,2.935,0.000,19.858,20.489,20.717,19.773,18.371,17.708,14.230,16.793
3828280098.029,8.599,8.937,2.493,0.000,19.819,20.517,20.706,19.672,18.359,17.717,14.228,16.842
3828280099.029,8.691,9.208,3.299,0.000,19.822,20.495,20.716,19.684,18.405,17.707,14.225,16.816
3828280100.042,8.521,10.683,2.229,3.131,19.888,20.484,20.753,19.684,18.295,17.708,14.209,16.878
3828280101.042,9.746,11.032,2.052,0.000,19.863,20.445,20.706,19.715,18.343,17.724,14.206,16.837
3828280102.042,8.466,11.489,0.502,0.000,19.862,20.461,20.726,19.788,18.322,17.709,14.205,16.865
3828280103.042,8.809,10.788,2.614,0.000,19.869,20.478,20.703,19.757,18.337,17.734,14.149,16.861
3828280104.042,8.962,10.666,3.098,0.000,19.803,20.485,20.703,19.766,18.335,17.738,14.173,16.885
3828280105.042,8.460,10.268,0.141,0.000,19.853,20.554,20.724,19.796,18.345,17.690,14.214,16.843
3828280106.042,5.976,10.887,3.330,0.000,19.855,20.499,20.678,19.727,18.364,17.734,14.256,16.786
3828280107.042,7.850,10.359,2.905,0.000,19.809,20.504,20.733,19.756,18.374,17.725,14.250,16.836
3828280108.042,8.300,10.538,2.528,0.000,19.812,20.521,20.710,19.687,18.397,17.729,14.254,16.832
3828280109.042,7.695,10.640,1.413,0.000,19.799,20.514,20.719,19.721,18.395,17.741,14.285,16.805
3828280110.029,7.334,10.716,3.001,3.131,19.824,20.521,20.708,19.690,18.355,17.730,14.268,16.791
3828280111.029,8.902,10.554,3.087,0.000,19.859,20.494,20.688,19.676,18.384,17.750,14.275,16.814
3828280112.029,8.893,10.763,2.598,0.000,19.864,20.467,20.694,19.668,18.417,17.757,14.224,16.823
3828280113.029,10.022,10.796,3.251,0.000,19.862,20.517,20.715,19.648,18.394,17.709,14.240,16.864
3828280114.029,8.818,10.761,2.684,0.000,19.874,20.489,20.717,19.695,18.408,17.721,14.261,16.857
3828280115.029,8.723,10.700,2.033,0.000,19.882,20.479,20.726,19.546,18.395,17.749,14.264,16.864
3828280116.029,8.731,9.209,1.901,0.000,19.853,20.498,20.725,19.718,18.380,17.742,14.254,16.884
3828280117.029,8.578,10.927,2.742,0.000,19.876,20.469,20.740,19.661,18.347,17.762,14.270,16.872
3828280118.029,8.595,10.502,2.436,0.000,19.903,20.475,20.695,19.591,18.313,17.777,14.269,16.906
3828280119.029,7.832,10.862,2.087,0.000,19.878,20.459,20.698,19.617,18.339,17.789,14.279,16.898
3828280120.011,9.863,11.045,2.511,3.131,19.864,20.538,20.649,19.732,18.301,17.743,14.286,16.902
3828280121.011,8.298,11.072,2.524,0.000,19.868,20.554,20.686,19.699,18.272,17.726,14.289,16.923
3828280122.011,8.273,10.553,1.775,0.000,19.890,20.521,20.685,19.728,18.282,17.743,14.287,16.916
3828280123.011,8.312,10.627,2.069,0.000,19.872,20.496,20.720,19.723,18.287,17.697,14.312,16.875
3828280124.011,7.887,10.336,0.330,0.000,19.872,20.534,20.704,19.705,18.286,17.733,14.305,16.897
3828280125.011,7.162,11.060,2.583,0.000,19.909,20.555,20.687,19.718,18.254,17.757,14.321,16.923
3828280126.011,8.599,10.732,3.205,0.000,19.917,20.524,20.696,19.676,18.256,17.740,14.331,16.896
3828280127.011,5.004,10.812,1.907,0.000,19.913,20.502,20.736,19.743,18.276,17.729,14.328,16.891
3828280128.011,9.599,11.117,2.200,0.000,19.923,20.542,20.715,19.658,18.210,17.718,14.298,16.954
3828280129.011,12.762,10.712,1.918,0.000,19.935,20.555,20.736,19.599,18.234,17.743,14.305,16.952
3828280130.025,9.329,12.578,2.576,3.131,19.945,20.543,20.727,19.617,18.228,17.726,14.302,16.940
3828280131.025,9.163,10.600,2.318,0.000,19.922,20.496,20.742,19.613,18.245,17.728,14.267,16.889
3828280132.025,8.823,10.792,1.895,0.000,19.933,20.556,20.752,19.595,18.187,17.711,14.277,16.981
3828280133.025,7.851,10.685,1.579,0.000,19.888,20.523,20.696,19.549,18.246,17.740,14.249,16.988
3828280134.025,8.773,10.749,3.003,0.000,19.901,20.549,20.738,19.654,18.212,17.751,14.289,16.970
3828280135.025,8.291,10.418,0.000,0.000,19.894,20.548,20.715,19.652,18.200,17.751,14.275,16.958
3828280136.025,8.489,11.133,3.057,0.000,19.870,20.542,20.739,19.614,18.185,17.754,14.281,16.909
3828280137.025,7.411,10.707,0.967,0.000,19.885,20.559,20.744,19.645,18.215,17.725,14.266,16.891
3828280138.025,8.494,10.009,3.379,0.000,19.865,20.599,20.741,19.622,18.240,17.692,14.305,16.926
3828280139.025,8.203,12.755,1.655,0.000,19.876,20.549,20.726,19.552,18.257,17.718,14.303,16.923
3828280140.027,8.850,10.505,2.368,3.131,19.888,20.560,20.707,19.762,18.245,17.767,14.301,16.933
3828280141.027,6.666,10.873,4.464,0.000,19.868,20.569,20.711,19.728,18.252,17.752,14.262,16.893
3828280142.027,5.149,10.565,2.967,0.000,19.864,20.548,20.740,19.712,18.283,17.702,14.269,16.912
3828280143.027,9.103,12.626,5.188,0.000,19.855,20.514,20.748,19.660,18.312,17.709,14.298,16.898
3828280144.027,7.932,10.740,5.040,0.000,19.861,20.536,20.765,19.625,18.268,17.697,14.285,16.904
3828280145.027,8.561,11.192,3.348,0.000,19.885,20.525,20.738,19.690,18.271,17.683,14.284,16.905
3828280146.027,7.865,10.730,5.165,0.000,19.882,20.538,20.750,19.677,18.276,17.694,14.303,16.891
3828280147.027,8.283,11.018,2.405,0.000,19.881,20.517,20.748,19.642,18.286,17.758,14.282,16.913
3828280148.027,9.292,11.074,2.656,0.000,19.881,20.494,20.762,19.636,18.300,17.763,14.270,16.901
3828280149.027,8.091,10.585,3.205,0.000,19.903,20.535,20.754,19.664,18.341,17.763,14.268,16.908
3828280149.994,9.114,10.613,2.288,3.131,19.936,20.547,20.717,19.684,18.284,17.765,14.388,16.929
3828280150.994,9.346,11.074,2.072,0.000,19.949,20.553,20.693,19.627,18.253,17.776,14.356,16.924
3828280151.994,6.471,13.230,0.225,0.000,19.928,20.561,20.704,19.615,18.243,17.766,14.338,16.974
3828280152.994,7.887,10.775,5.432,0.000,19.968,20.535,20.711,19.695,18.225,17.731,14.302,16.959
3828280153.994,7.952,9.892,1.882,0.000,19.956,20.538,20.710,19.665,18.235,17.766,14.320,16.963
3828280154.994,9.529,10.721,2.283,0.000,19.910,20.542,20.720,19.640,18.247,17.764,14.329,17.002
3828280155.994,8.708,10.479,3.208,0.000,19.891,20.579,20.710,19.685,18.209,17.755,14.306,17.016
3828280156.994,9.183,11.003,2.933,0.000,19.885,20.567,20.694,19.716,18.214,17.790,14.306,16.961
3828280157.994,8.299,10.808,2.460,0.000,19.903,20.518,20.701,19.648,18.230,17.758,14.310,16.915
3828280158.994,8.323,11.985,1.801,0.000,19.897,20.574,20.707,19.741,18.262,17.766,14.324,16.946
3828280159.953,8.061,10.364,2.758,3.131,19.878,20.489,20.753,19.721,18.307,17.690,14.325,16.921
3828280160.953,8.824,10.796,1.900,0.000,19.870,20.525,20.756,19.629,18.320,17.700,14.321,16.907
3828280161.953,8.503,10.820,4.756,0.000,19.877,20.525,20.774,19.700,18.326,17.740,14.305,16.897
3828280162.953,8.704,11.156,2.235,0.000,19.901,20.512,20.811,19.697,18.328,17.744,14.317,16.902
3828280163.953,7.845,9.677,3.116,0.000,19.904,20.528,20.778,19.544,18.339,17.772,14.291,16.927
3828280164.953,7.968,10.889,1.183,0.000,19.887,20.537,20.762,19.633,18.325,17.776,14.299,16.935
3828280165.953,8.418,11.295,1.560,0.000,19.876,20.532,20.739,19.679,18.319,17.753,14.297,16.926
3828280166.953,7.689,10.073,4.139,0.000,19.882,20.540,20.734,19.699,18.362,17.743,14.256,16.915
3828280167.953,7.995,10.433,3.049,0.000,19.849,20.518,20.773,19.648,18.363,17.761,14.260,16.917
3828280168.953,9.979,11.591,1.956,0.000,19.856,20.526,20.713,19.685,18.374,17.814,14.242,16.915
3828280169.933,8.622,8.445,2.246,3.131,19.857,20.540,20.775,19.748,18.283,17.753,14.303,16.911
3828280170.933,8.638,10.511,3.113,0.000,19.869,20.533,20.765,19.701,18.304,17.666,14.347,16.892
3828280171.933,8.353,10.625,3.090,0.000,19.882,20.514,20.776,19.734,18.309,17.717,14.329,16.932
3828280172.933,9.051,9.711,2.517,0.000,19.885,20.548,20.719,19.742,18.319,17.729,14.335,16.942
3828280173.933,8.354,10.688,2.908,0.000,19.898,20.540,20.732,19.713,18.330,17.701,14.355,16.933
3828280174.933,4.427,10.314,3.100,0.000,19.888,20.540,20.757,19.704,18.338,17.703,14.367,16.943
3828280175.933,7.870,10.582,2.843,0.000,19.896,20.566,20.779,19.708,18.295,17.708,14.348,16.958
3828280176.933,8.862,10.750,2.748,0.000,19.913,20.542,20.793,19.703,18.310,17.711,14.360,16.928
3828280177.933,8.128,11.259,5.486,0.000,19.889,20.522,20.809,19.729,18.320,17.721,14.297,16.914
3828280178.933,8.354,10.637,1.843,0.000,19.876,20.524,20.750,19.692,18.336,17.729,14.319,16.952
3828280179.887,9.298,9.986,2.040,3.131,19.884,20.526,20.769,19.657,18.307,17.717,14.357,16.950
3828280180.887,13.456,10.445,2.121,0.000,19.901,20.531,20.744,19.764,18.305,17.729,14.367,16.939
3828280181.887,7.773,9.925,1.662,0.000,19.886,20.536,20.760,19.712,18.283,17.741,14.364,16.957
3828280182.887,9.570,9.619,2.120,0.000,19.875,20.542,20.770,19.715,18.299,17.751,14.347,16.960
3828280183.887,8.380,10.196,3.121,0.000,19.879,20.569,20.756,19.769,18.286,17.731,14.366,16.986
3828280184.887,7.919,10.589,3.170,0.000,19.871,20.549,20.769,19.723,18.277,17.724,14.346,16.952
3828280185.887,6.383,10.861,2.397,0.000,19.862,20.553,20.758,19.729,18.308,17.767,14.342,16.955
3828280186.887,8.455,11.770,1.632,0.000,19.870,20.522,20.804,19.716,18.300,17.734,14.352,16.931
3828280187.887,8.653,10.545,2.536,0.000,19.885,20.532,20.794,19.694,18.318,17.721,14.357,16.947
3828280188.887,8.387,12.268,2.823,0.000,19.877,20.532,20.801,19.707,18.312,17.768,14.388,16.975
3828280189.888,7.351,11.417,3.874,3.131,19.871,20.497,20.765,19.709,18.330,17.802,14.332,16.954
3828280190.888,8.902,10.634,2.630,0.000,19.885,20.505,20.811,19.650,18.334,17.774,14.340,16.929
3828280191.888,7.914,10.670,2.750,0.000,19.901,20.512,20.794,19.629,18.324,17.795,14.327,16.959
3828280192.888,7.767,10.651,1.458,0.000,19.878,20.545,20.792,19.706,18.317,17.792,14.330,16.977
3828280193.888,9.878,11.401,1.949,0.000,19.873,20.538,20.805,19.632,18.341,17.783,14.322,16.954
3828280194.888,8.163,10.850,1.589,0.000,19.908,20.530,20.811,19.650,18.334,17.770,14.345,16.945
3828280195.888,8.618,10.901,4.029,0.000,19.882,20.517,20.806,19.719,18.375,17.789,14.336,16.938
3828280196.888,8.784,10.667,2.050,0.000,19.856,20.506,20.777,19.656,18.367,17.798,14.355,16.954
3828280197.888,8.661,10.081,1.910,0.000,19.866,20.484,20.761,19.731,18.381,17.809,14.344,16.949
3828280198.888,7.830,10.545,2.489,0.000,19.897,20.507,20.728,19.674,18.376,17.795,14.339,16.964
3828280199.887,8.092,11.140,2.595,3.131,19.869,20.549,20.724,19.748,18.316,17.777,14.380,16.983
3828280200.887,8.222,10.057,2.661,0.000,19.873,20.575,20.730,19.715,18.301,17.750,14.401,16.972
3828280201.887,6.051,10.706,2.933,0.000,19.896,20.526,20.767,19.832,18.330,17.761,14.415,16.972
3828280202.887,8.280,10.224,3.026,0.000,19.899,20.519,20.743,19.753,18.336,17.783,14.382,16.951
3828280203.887,8.647,10.796,1.802,0.000,19.892,20.522,20.740,19.741,18.311,17.793,14.398,16.941
3828280204.887,8.696,9.416,2.199,0.000,19.890,20.515,20.747,19.786,18.300,17.775,14.394,16.973
3828280205.887,8.555,11.576,5.441,0.000,19.902,20.515,20.773,19.693,18.311,17.748,14.417,16.965
3828280206.887,8.482,11.202,4.323,0.000,19.922,20.540,20.758,19.833,18.298,17.723,14.418,16.997
3828280207.887,9.597,10.710,2.589,0.000,19.872,20.541,20.750,19.814,18.319,17.729,14.395,16.968
3828280208.887,8.015,10.692,2.902,0.000,19.914,20.509,20.776,19.807,18.360,17.742,14.396,16.969
3828280209.841,9.470,11.228,2.065,3.131,19.916,20.608,20.748,19.847,18.276,17.789,14.410,17.005
3828280210.841,9.664,10.884,2.533,0.000,19.861,20.596,20.749,19.839,18.298,17.756,14.399,17.005
3828280211.841,9.856,10.839,3.498,0.000,19.902,20.565,20.793,19.830,18.325,17.777,14.382,17.007
3828280212.841,10.007,11.370,3.007,0.000,19.900,20.546,20.739,19.758,18.333,17.789,14.414,16.976
3828280213.841,9.117,12.207,3.565,0.000,19.918,20.546,20.759,19.795,18.301,17.808,14.401,16.978
3828280214.841,8.790,10.313,2.140,0.000,19.908,20.542,20.794,19.752,18.335,17.731,14.427,16.958
3828280215.841,8.538,10.590,4.630,0.000,19.880,20.529,20.773,19.736,18.358,17.748,14.411,16.992
3828280216.841,8.069,10.977,4.701,0.000,19.908,20.542,20.762,19.700,18.351,17.747,14.449,17.006
3828280217.841,9.412,12.661,1.915,0.000,19.908,20.560,20.794,19.809,18.338,17.768,14.417,17.003
3828280218.841,9.735,9.805,1.869,0.000,19.903,20.526,20.787,19.771,18.364,17.788,14.412,16.966
3828280219.809,8.284,10.818,2.289,3.131,19.893,20.494,20.752,19.772,18.444,17.816,14.429,16.930
3828280220.809,7.934,11.224,5.093,0.000,19.910,20.510,20.756,19.767,18.461,17.834,14.435,16.936
3828280221.809,8.912,10.829,2.054,0.000,19.933,20.500,20.743,19.816,18.484,17.830,14.430,16.996
3828280222.809,7.909,10.878,0.800,0.000,19.931,20.454,20.732,19.841,18.474,17.866,14.420,16.992
3828280223.809,14.019,10.551,1.951,0.000,19.922,20.450,20.739,19.756,18.440,17.834,14.430,16.982
3828280224.809,8.071,11.080,2.606,0.000,19.915,20.457,20.718,19.817,18.424,17.861,14.412,17.011
3828280225.809,7.607,10.868,2.095,0.000,19.927,20.498,20.727,19.822,18.426,17.862,14.427,16.988
3828280226.809,8.602,10.701,3.161,0.000,19.905,20.495,20.754,19.834,18.376,17.868,14.456,17.001
3828280227.809,8.109,10.491,2.431,0.000,19.903,20.508,20.698,19.798,18.430,17.825,14.458,17.021
3828280228.809,9.658,12.616,5.172,0.000,19.909,20.549,20.727,19.830,18.408,17.855,14.438,17.047
3828280229.805,8.184,10.395,2.782,3.131,19.913,20.571,20.796,19.591,18.349,17.738,14.511,17.010
3828280230.805,7.992,10.534,2.387,0.000,19.905,20.564,20.804,19.688,18.359,17.754,14.441,17.012
3828280231.805,8.145,10.532,1.679,0.000,19.901,20.591,20.852,19.668,18.369,17.783,14.427,16.997
3828280232.805,8.331,10.565,2.168,0.000,19.893,20.563,20.819,19.702,18.377,17.804,14.429,16.973
3828280233.805,13.753,11.508,2.556,0.000,19.886,20.523,20.811,19.705,18.384,17.831,14.413,16.994
3828280234.805,6.098,11.389,2.313,0.000,19.883,20.530,20.771,19.640,18.392,17.848,14.420,16.981
3828280235.805,8.594,10.311,2.607,0.000,19.897,20.538,20.756,19.795,18.397,17.842,14.442,16.982
3828280236.805,8.910,11.092,2.057,0.000,19.933,20.543,20.753,19.806,18.403,17.844,14.422,16.963
3828280237.805,9.723,10.739,2.602,0.000,19.912,20.555,20.709,19.779,18.396,17.874,14.398,16.993
3828280238.805,7.980,10.471,1.783,0.000,19.891,20.562,20.754,19.680,18.413,17.863,14.418,17.003
3828280239.763,8.183,10.892,2.062,3.131,19.964,20.530,20.721,19.747,18.407,17.865,14.497,17.030
3828280240.763,9.839,10.850,0.895,0.000,19.933,20.570,20.696,19.757,18.423,17.872,14.465,17.064
3828280241.763,9.012,10.694,2.627,0.000,19.897,20.566,20.703,19.755,18.403,17.895,14.457,17.046
3828280242.763,9.037,10.942,2.653,0.000,19.923,20.561,20.721,19.822,18.391,17.900,14.483,17.022
3828280243.763,8.170,10.822,1.567,0.000,19.906,20.526,20.722,19.768,18.389,17.922,14.478,17.000
3828280244.763,7.913,10.545,0.901,0.000,19.910,20.563,20.664,19.834,18.394,17.864,14.489,17.027
3828280245.763,4.091,11.150,1.815,0.000,19.950,20.586,20.676,19.748,18.382,17.845,14.551,17.038
3828280246.763,7.700,10.712,1.126,0.000,19.939,20.566,20.705,19.751,18.372,17.830,14.544,17.047
3828280247.763,5.553,10.274,1.894,0.000,19.913,20.539,20.747,19.701,18.365,17.820,14.486,17.015
3828280248.763,8.782,10.781,2.736,0.000,19.902,20.568,20.730,19.723,18.353,17.863,14.520,17.013
3828280249.776,7.941,11.978,2.342,3.131,19.939,20.547,20.745,19.653,18.422,17.871,14.456,17.040
3828280250.776,8.598,10.943,1.444,0.000,19.926,20.560,20.733,19.578,18.440,17.873,14.518,17.024
3828280251.776,8.218,10.741,1.601,0.000,19.935,20.554,20.703,19.608,18.411,17.918,14.502,17.035
3828280252.776,9.060,10.609,1.985,0.000,19.930,20.594,20.741,19.715,18.391,17.920,14.496,17.042
3828280253.776,8.549,10.270,1.832,0.000,19.928,20.585,20.740,19.731,18.390,17.878,14.485,17.047
3828280254.776,9.584,10.796,2.588,0.000,19.920,20.560,20.696,19.753,18.405,17.868,14.510,17.029
3828280255.776,8.267,10.316,0.634,0.000,19.920,20.601,20.654,19.668,18.399,17.876,14.544,17.021
3828280256.776,8.709,11.085,4.572,0.000,19.924,20.605,20.701,19.746,18.372,17.834,14.559,17.031
3828280257.776,7.833,10.644,5.416,0.000,19.887,20.601,20.716,19.706,18.357,17.845,14.543,17.065
3828280258.776,9.758,11.422,3.518,0.000,19.937,20.593,20.758,19.661,18.344,17.866,14.557,17.051
3828280259.780,9.449,10.619,2.570,3.131,19.969,20.560,20.736,19.813,18.437,17.942,14.523,17.053
3828280260.780,7.791,11.278,1.721,0.000,19.929,20.597,20.723,19.769,18.386,17.950,14.510,17.079
3828280261.780,8.542,11.348,2.790,0.000,19.941,20.561,20.747,19.817,18.416,17.910,14.523,17.084
3828280262.780,8.455,10.774,1.897,0.000,19.913,20.551,20.695,19.858,18.402,17.895,14.501,17.058
3828280263.780,8.926,11.035,2.820,0.000,19.914,20.566,20.678,19.784,18.420,17.892,14.540,17.079
3828280264.780,9.157,10.580,2.928,0.000,19.942,20.572,20.697,19.804,18.415,17.876,14.566,17.083
3828280265.780,7.493,10.849,0.871,0.000,19.939,20.581,20.745,19.735,18.367,17.849,14.563,17.053
3828280266.780,8.109,10.514,2.961,0.000,19.922,20.578,20.723,19.731,18.384,17.863,14.516,17.057
3828280267.780,7.606,10.905,1.077,0.000,19.932,20.573,20.741,19.728,18.379,17.890,14.558,17.052
3828280268.780,9.077,12.239,3.754,0.000,19.970,20.591,20.753,19.775,18.357,17.869,14.592,17.080
3828280269.731,7.670,10.331,3.016,3.131,19.928,20.589,20.781,19.843,18.368,17.846,14.517,17.058
3828280270.731,4.544,10.703,4.191,0.000,19.922,20.579,20.796,19.790,18.351,17.837,14.530,17.040
3828280271.731,8.175,10.519,0.000,0.000,19.916,20.550,20.794,19.775,18.331,17.802,14.507,17.056
3828280272.731,8.239,11.873,2.566,0.000,19.915,20.558,20.802,19.764,18.383,17.769,14.525,17.034
3828280273.731,5.338,10.027,2.543,0.000,19.912,20.577,20.785,19.735,18.416,17.829,14.499,17.022
3828280274.731,9.262,10.569,2.307,0.000,19.909,20.571,20.802,19.771,18.408,17.854,14.504,17.046
3828280275.731,8.048,10.464,2.672,0.000,19.927,20.541,20.822,19.724,18.426,17.845,14.522,17.069
3828280276.731,9.291,10.927,1.304,0.000,19.932,20.558,20.766,19.826,18.423,17.873,14.529,17.105
3828280277.731,8.123,11.047,2.074,0.000,19.913,20.513,20.775,19.807,18.451,17.881,14.511,17.033
3828280278.731,8.590,10.468,2.888,0.000,19.946,20.564,20.744,19.817,18.471,17.886,14.513,17.050
3828280279.743,8.129,11.629,2.929,3.131,19.920,20.635,20.746,19.842,18.320,17.888,14.510,17.051
3828280280.743,7.618,10.334,2.906,0.000,19.940,20.649,20.729,19.787,18.329,17.865,14.557,17.101
3828280281.743,8.642,10.886,1.970,0.000,19.943,20.657,20.788,19.829,18.359,17.824,14.538,17.081
3828280282.743,8.552,10.737,1.696,0.000,19.919,20.613,20.760,19.779,18.370,17.827,14.525,17.082
3828280283.743,8.885,11.121,3.439,0.000,19.930,20.555,20.797,19.826,18.393,17.837,14.566,17.036
3828280284.743,7.772,10.953,1.914,0.000,19.930,20.553,20.793,19.750,18.380,17.859,14.544,17.058
3828280285.743,8.721,10.261,2.154,0.000,19.938,20.548,20.798,19.807,18.382,17.862,14.550,17.080
3828280286.743,13.781,11.083,2.316,0.000,19.919,20.542,20.785,19.784,18.398,17.839,14.553,17.055
3828280287.743,9.466,12.014,1.236,0.000,19.948,20.561,20.801,19.774,18.365,17.838,14.559,17.069
3828280288.743,9.099,10.919,1.946,0.000,19.930,20.548,20.808,19.763,18.380,17.791,14.552,17.054
3828280289.732,7.430,11.008,1.169,3.131,19.892,20.565,20.791,19.816,18.461,17.852,14.540,17.047
3828280290.732,9.399,10.391,2.010,0.000,19.902,20.582,20.785,19.786,18.493,17.880,14.548,17.021
3828280291.732,7.513,10.612,3.482,0.000,19.890,20.544,20.759,19.745,18.466,17.865,14.547,16.987
3828280292.732,8.360,10.623,2.333,0.000,19.880,20.559,20.749,19.708,18.497,17.900,14.585,17.035
3828280293.732,8.665,10.868,2.007,0.000,19.871,20.590,20.750,19.739,18.480,17.905,14.576,17.078
3828280294.732,8.624,12.000,2.808,0.000,19.866,20.582,20.758,19.645,18.496,17.882,14.573,17.068
3828280295.732,7.884,10.761,1.994,0.000,19.854,20.565,20.772,19.731,18.536,17.891,14.565,17.022
3828280296.732,10.045,11.541,2.060,0.000,19.883,20.594,20.784,19.747,18.500,17.911,14.573,17.041
3828280297.732,9.048,10.923,2.007,0.000,19.883,20.566,20.757,19.749,18.525,17.907,14.595,17.039
3828280298.732,4.970,10.233,2.812,0.000,19.899,20.573,20.766,19.665,18.537,17.897,14.597,17.006
3828280299.761,8.540,10.740,1.111,3.131,19.922,20.566,20.770,19.851,18.462,17.932,14.514,17.070
3828280300.761,8.063,10.726,1.689,0.000,19.911,20.554,20.771,19.847,18.465,17.918,14.507,17.079
3828280301.761,4.026,11.041,1.850,0.000,19.909,20.570,20.769,19.754,18.486,17.917,14.540,17.069
3828280302.761,8.357,9.991,3.055,0.000,19.932,20.580,20.795,19.800,18.461,17.877,14.519,17.101
3828280303.761,6.312,10.553,2.687,0.000,19.888,20.563,20.769,19.832,18.485,17.896,14.533,17.069
3828280304.761,8.219,10.555,1.874,0.000,19.874,20.601,20.729,19.772,18.475,17.933,14.568,17.074
3828280305.761,9.618,10.997,1.846,0.000,19.922,20.587,20.767,19.817,18.447,17.919,14.524,17.110
3828280306.761,9.119,11.032,2.294,0.000,19.892,20.561,20.805,19.843,18.466,17.896,14.556,17.105
3828280307.761,7.866,12.463,3.389,0.000,19.913,20.578,20.742,19.855,18.496,17.943,14.557,17.073
3828280308.761,11.298,14.441,2.181,0.000,19.902,20.597,20.759,19.848,18.469,17.933,14.568,17.081
3828280309.764,9.843,15.500,2.171,3.131,19.941,20.531,20.736,19.848,18.552,17.956,14.618,16.997
3828280310.764,9.565,15.500,1.461,0.000,19.946,20.551,20.784,19.869,18.452,17.986,14.648,17.025
3828280311.764,9.739,15.500,1.944,0.000,19.900,20.556,20.769,19.898,18.337,17.982,14.592,17.018
3828280312.764,8.269,15.500,5.142,0.000,19.951,20.555,20.750,19.984,18.311,18.014,14.587,17.073
3828280313.764,8.587,15.500,3.639,0.000,19.936,20.547,20.772,19.863,18.253,17.941,14.634,17.106
3828280314.764,9.415,15.500,2.330,0.000,19.929,20.521,20.775,19.956,18.258,17.888,14.625,17.130
3828280315.764,8.491,15.500,2.434,0.000,19.950,20.566,20.748,19.981,18.236,17.880,14.640,17.228
3828280316.764,9.877,15.500,2.961,0.000,19.933,20.548,20.769,20.006,18.242,17.887,14.623,17.225
3828280317.764,8.975,15.500,3.996,0.000,19.947,20.536,20.742,19.943,18.252,17.864,14.619,17.249
3828280318.764,8.900,15.500,4.481,0.000,19.942,20.584,20.762,19.964,18.215,17.891,14.654,17.292
3828280319.729,7.981,15.500,1.446,3.131,19.916,20.593,20.810,19.922,18.083,17.739,14.623,17.345
3828280320.729,8.715,15.500,2.443,0.000,19.935,20.571,20.775,19.889,18.102,17.759,14.617,17.337
3828280321.729,5.365,15.500,1.844,0.000,19.921,20.584,20.795,19.878,18.044,17.737,14.625,17.396
3828280322.729,7.673,15.500,3.713,0.000,19.935,20.554,20.795,19.919,18.093,17.763,14.613,17.363
3828280323.729,7.939,15.500,0.000,0.000,19.965,20.577,20.817,19.873,18.067,17.723,14.646,17.385
3828280324.729,6.449,15.500,3.026,0.000,19.938,20.557,20.807,19.946,18.090,17.709,14.607,17.333
3828280325.729,8.669,15.500,1.097,0.000,19.954,20.597,20.806,19.873,18.043,17.726,14.644,17.368
3828280326.729,7.947,15.500,2.926,0.000,19.947,20.591,20.844,19.901,18.065,17.719,14.622,17.337
3828280327.729,7.953,15.500,3.931,0.000,19.961,20.574,20.810,19.873,18.066,17.714,14.636,17.348
3828280328.729,8.200,15.500,3.086,0.000,19.941,20.577,20.839,19.905,18.035,17.718,14.625,17.354
3828280329.686,9.642,15.500,1.892,3.131,19.904,20.579,20.781,19.813,18.145,17.767,14.633,17.312
3828280330.686,9.117,15.500,0.689,0.000,19.915,20.585,20.772,19.747,18.142,17.771,14.630,17.341
3828280331.686,8.916,15.500,1.525,0.000,19.873,20.579,20.777,19.945,18.116,17.734,14.639,17.282
3828280332.686,7.460,15.500,1.104,0.000,19.912,20.546,20.770,19.874,18.102,17.740,14.663,17.307
3828280333.686,8.058,15.500,3.301,0.000,19.877,20.584,20.798,19.922,18.109,17.722,14.632,17.262
3828280334.686,10.061,15.500,2.324,0.000,19.887,20.603,20.768,19.853,18.088,17.737,14.660,17.321
3828280335.686,8.242,15.500,0.765,0.000,19.911,20.579,20.764,19.968,18.105,17.713,14.626,17.267
3828280336.686,8.956,15.500,3.079,0.000,19.936,20.590,20.777,19.841,18.095,17.700,14.648,17.265
3828280337.686,8.988,15.500,1.906,0.000,19.935,20.576,20.781,19.874,18.085,17.714,14.655,17.267
3828280338.686,9.254,15.500,2.589,0.000,19.925,20.551,20.768,19.879,18.118,17.712,14.657,17.246
3828280339.664,8.163,15.500,2.952,3.131,19.984,20.594,20.825,19.850,17.944,17.658,14.645,17.315
3828280340.664,4.515,15.500,2.575,0.000,19.966,20.574,20.798,19.861,17.974,17.660,14.672,17.286
3828280341.664,8.858,15.500,2.697,0.000,19.987,20.577,20.837,19.849,17.975,17.614,14.645,17.279
3828280342.664,8.339,15.500,2.096,0.000,19.957,20.598,20.839,19.884,17.944,17.624,14.651,17.300
3828280343.664,7.945,15.500,2.182,0.000,19.971,20.600,20.812,19.842,17.935,17.650,14.672,17.293
3828280344.664,7.952,15.500,1.452,0.000,19.963,20.578,20.836,19.843,17.955,17.616,14.665,17.263
3828280345.664,7.730,15.500,1.267,0.000,19.973,20.614,20.826,19.869,17.923,17.592,14.631,17.281
3828280346.664,12.557,15.500,2.624,0.000,19.993,20.641,20.821,19.845,17.918,17.611,14.656,17.294
3828280347.664,8.610,15.500,2.384,0.000,19.984,20.634,20.807,19.820,17.916,17.605,14.656,17.260
3828280348.664,9.033,15.500,1.878,0.000,19.943,20.621,20.813,19.889,17.923,17.577,14.652,17.242
3828280349.634,7.969,15.500,2.641,3.131,19.971,20.669,20.771,19.932,17.913,17.645,14.657,17.282
3828280350.634,7.788,15.500,1.620,0.000,19.984,20.665,20.800,19.935,17.891,17.622,14.646,17.274
3828280351.634,8.347,15.500,2.596,0.000,19.945,20.666,20.805,19.925,17.896,17.592,14.628,17.265
3828280352.634,7.618,15.500,2.533,0.000,19.995,20.695,20.815,19.876,17.883,17.572,14.651,17.283
3828280353.634,8.813,15.500,1.970,0.000,19.975,20.720,20.778,19.866,17.883,17.591,14.675,17.284
3828280354.634,7.734,15.500,3.400,0.000,19.951,20.686,20.791,19.920,17.862,17.601,14.627,17.254
3828280355.634,8.351,15.500,1.899,0.000,19.981,20.682,20.795,19.939,17.870,17.576,14.649,17.265
3828280356.634,8.791,15.500,1.899,0.000,19.963,20.689,20.753,19.891,17.871,17.602,14.637,17.260
3828280357.634,8.276,15.500,0.000,0.000,19.967,20.684,20.792,19.971,17.863,17.584,14.666,17.253
3828280358.634,8.151,15.500,2.715,0.000,19.984,20.736,20.783,19.917,17.863,17.592,14.669,17.280
3828280359.620,9.739,15.500,1.870,3.131,20.011,20.602,20.815,19.919,17.878,17.555,14.665,17.213
3828280360.620,8.276,15.500,1.069,0.000,19.973,20.613,20.839,19.945,17.884,17.554,14.639,17.223
3828280361.620,9.048,15.500,3.801,0.000,19.997,20.620,20.829,19.989,17.871,17.552,14.654,17.243
3828280362.620,8.775,15.500,3.439,0.000,20.007,20.585,20.807,19.946,17.883,17.553,14.662,17.238
3828280363.620,8.232,15.500,1.970,0.000,19.995,20.575,20.852,19.925,17.879,17.554,14.636,17.208
3828280364.620,6.640,15.500,1.921,0.000,20.015,20.613,20.830,19.927,17.872,17.519,14.640,17.243
3828280365.620,7.230,15.500,1.624,0.000,20.004,20.647,20.811,19.896,17.843,17.535,14.654,17.237
3828280366.620,8.461,15.500,2.727,0.000,20.010,20.629,20.799,19.978,17.849,17.520,14.631,17.227
3828280367.620,8.307,15.500,2.663,0.000,19.983,20.633,20.808,19.955,17.869,17.530,14.609,17.203
3828280368.620,8.444,15.500,2.401,0.000,19.986,20.625,20.805,19.906,17.827,17.533,14.635,17.200
3828280369.634,7.822,15.500,3.686,3.131,20.061,20.651,20.793,19.790,17.778,17.564,14.664,17.274
3828280370.634,7.641,15.500,1.615,0.000,20.054,20.644,20.828,19.816,17.806,17.573,14.655,17.274
3828280371.634,8.199,15.500,2.015,0.000,20.071,20.642,20.819,19.846,17.779,17.538,14.644,17.278
3828280372.634,8.851,15.500,3.006,0.000,20.055,20.663,20.784,19.870,17.778,17.583,14.646,17.267
3828280373.634,8.650,15.500,3.982,0.000,20.048,20.625,20.794,19.808,17.773,17.591,14.646,17.241
3828280374.634,7.534,15.500,3.108,0.000,20.062,20.657,20.794,19.826,17.764,17.561,14.671,17.244
3828280375.634,8.577,15.500,3.252,0.000,20.090,20.674,20.809,19.805,17.762,17.552,14.659,17.233
3828280376.634,8.886,15.500,3.022,0.000,20.091,20.643,20.832,19.880,17.760,17.538,14.637,17.254
3828280377.634,8.186,15.500,2.484,0.000,20.092,20.666,20.799,19.907,17.728,17.550,14.637,17.237
3828280378.634,8.817,15.500,2.109,0.000,20.089,20.660,20.831,19.859,17.733,17.582,14.614,17.208
3828280379.622,8.296,15.500,0.000,3.131,19.999,20.649,20.805,19.886,17.875,17.560,14.566,17.183
3828280380.622,9.627,15.500,0.000,0.000,19.976,20.669,20.797,19.960,17.860,17.565,14.539,17.185
3828280381.622,6.688,15.500,1.828,0.000,19.966,20.638,20.810,19.898,17.864,17.577,14.562,17.139
3828280382.622,8.869,15.500,2.209,0.000,20.000,20.654,20.813,19.871,17.877,17.554,14.584,17.167
3828280383.622,8.533,15.500,2.503,0.000,19.986,20.655,20.840,19.951,17.871,17.552,14.562,17.158
3828280384.622,8.875,15.500,1.927,0.000,19.989,20.674,20.768,19.905,17.891,17.581,14.591,17.115
3828280385.622,6.969,15.500,2.711,0.000,19.998,20.674,20.794,19.965,17.869,17.544,14.575,17.162
3828280386.622,7.940,15.500,1.948,0.000,19.997,20.685,20.808,19.949,17.885,17.561,14.588,17.158
3828280387.622,5.217,15.500,2.922,0.000,20.018,20.700,20.785,19.932,17.864,17.532,14.603,17.143
3828280388.622,8.843,15.500,3.727,0.000,20.036,20.665,20.798,19.995,17.856,17.533,14.604,17.157
3828280389.650,8.681,15.500,2.184,3.131,20.050,20.633,20.789,20.084,17.890,17.565,14.583,17.125
3828280390.650,7.788,15.500,2.903,0.000,19.991,20.650,20.775,19.996,17.879,17.572,14.595,17.116
3828280391.650,9.483,15.500,5.043,0.000,19.992,20.609,20.798,20.032,17.890,17.537,14.618,17.125
3828280392.650,8.855,15.500,3.232,0.000,19.995,20.646,20.772,20.013,17.900,17.576,14.585,17.119
3828280393.650,8.379,15.500,0.724,0.000,20.012,20.646,20.762,20.023,17.922,17.541,14.606,17.126
3828280394.650,13.719,15.500,2.709,0.000,20.025,20.657,20.828,19.916,17.919,17.536,14.587,17.087
3828280395.650,8.343,15.500,2.690,0.000,20.024,20.649,20.822,19.992,17.892,17.525,14.590,17.094
3828280396.650,8.275,15.500,2.165,0.000,20.040,20.637,20.816,19.957,17.880,17.518,14.588,17.104
3828280397.650,8.837,15.500,2.912,0.000,20.076,20.635,20.795,19.934,17.902,17.537,14.559,17.125
3828280398.650,8.805,15.500,2.899,0.000,20.069,20.642,20.820,19.949,17.918,17.527,14.588,17.159
3828280399.683,8.697,15.500,3.098,3.131,20.036,20.639,20.812,19.914,17.831,17.556,14.545,17.146
3828280400.683,8.668,15.500,2.775,0.000,20.012,20.668,20.804,19.964,17.807,17.530,14.530,17.181
3828280401.683,7.720,15.500,2.910,0.000,20.065,20.655,20.790,19.872,17.818,17.526,14.575,17.169
3828280402.683,8.051,15.500,2.690,0.000,20.063,20.689,20.792,19.894,17.818,17.560,14.560,17.190
3828280403.683,9.553,15.500,2.805,0.000,20.068,20.692,20.789,19.915,17.848,17.568,14.520,17.155
3828280404.683,8.133,15.500,0.000,0.000,20.051,20.683,20.821,19.901,17.839,17.578,14.539,17.144
3828280405.683,7.817,15.500,2.980,0.000,20.088,20.665,20.823,20.031,17.832,17.579,14.520,17.150
3828280406.683,8.499,15.500,3.335,0.000,20.048,20.657,20.783,19.888,17.828,17.563,14.513,17.139
3828280407.683,8.914,15.500,2.062,0.000,20.049,20.668,20.769,19.952,17.819,17.583,14.542,17.131
3828280408.683,9.557,15.500,2.594,0.000,20.064,20.654,20.796,19.902,17.838,17.539,14.543,17.133
3828280409.699,8.414,15.500,1.035,3.131,20.042,20.622,20.845,20.003,17.820,17.543,14.476,17.112
3828280410.699,8.483,15.500,3.219,0.000,20.058,20.640,20.871,19.962,17.783,17.513,14.463,17.126
3828280411.699,8.688,15.500,2.081,0.000,20.058,20.670,20.889,19.950,17.778,17.456,14.474,17.136
3828280412.699,8.517,15.500,1.993,0.000,20.022,20.665,20.908,19.970,17.766,17.455,14.490,17.118
3828280413.699,8.417,15.500,5.500,0.000,20.051,20.679,20.851,19.965,17.754,17.414,14.474,17.109
3828280414.699,9.048,15.500,2.448,0.000,20.048,20.704,20.855,19.998,17.752,17.441,14.506,17.093
3828280415.699,7.804,15.500,1.986,0.000,20.036,20.709,20.852,19.962,17.736,17.449,14.466,17.097
3828280416.699,9.015,15.500,4.948,0.000,20.081,20.762,20.827,19.968,17.743,17.413,14.461,17.135
3828280417.699,8.568,15.500,3.191,0.000,20.070,20.784,20.785,19.995,17.695,17.468,14.479,17.081
3828280418.699,7.707,15.500,3.540,0.000,20.042,20.697,20.830,19.953,17.668,17.493,14.420,17.117
3828280419.653,8.516,15.500,2.896,3.131,20.045,20.749,20.835,19.785,17.746,17.420,14.466,17.124
3828280420.653,8.419,15.500,5.500,0.000,20.063,20.735,20.840,19.804,17.736,17.440,14.482,17.090
3828280421.653,8.656,15.500,1.935,0.000,20.025,20.748,20.852,19.883,17.667,17.457,14.448,17.091
3828280422.653,8.699,15.500,2.409,0.000,20.018,20.700,20.848,19.890,17.621,17.469,14.435,17.136
3828280423.653,6.685,15.500,2.425,0.000,20.065,20.735,20.840,19.822,17.645,17.463,14.420,17.178
3828280424.653,7.730,15.500,1.193,0.000,20.126,20.736,20.854,19.839,17.663,17.472,14.446,17.190
3828280425.653,8.585,15.500,5.106,0.000,20.097,20.714,20.831,19.840,17.686,17.476,14.427,17.157
3828280426.653,9.192,15.500,1.255,0.000,20.075,20.717,20.848,19.818,17.666,17.459,14.401,17.116
3828280427.653,7.935,15.500,3.977,0.000,20.114,20.716,20.841,19.796,17.673,17.453,14.412,17.102
3828280428.653,7.737,15.500,4.234,0.000,20.072,20.732,20.865,19.768,17.702,17.420,14.392,17.149
3828280429.670,8.520,15.500,3.030,3.131,20.060,20.672,20.839,19.872,17.698,17.421,14.412,17.070
3828280430.670,8.639,15.500,3.094,0.000,20.070,20.742,20.819,19.896,17.707,17.431,14.419,17.076
3828280431.670,5.915,15.500,3.557,0.000,20.080,20.718,20.839,19.830,17.709,17.459,14.427,17.048
3828280432.670,8.086,15.500,0.345,0.000,20.070,20.726,20.871,19.863,17.721,17.408,14.425,17.048
3828280433.670,8.056,15.500,0.216,0.000,20.080,20.716,20.839,19.875,17.700,17.412,14.377,17.089
3828280434.670,9.659,15.500,1.685,0.000,20.051,20.699,20.842,19.867,17.692,17.424,14.376,17.077
3828280435.670,7.529,15.500,0.392,0.000,20.087,20.708,20.823,19.827,17.701,17.443,14.367,17.077
3828280436.670,8.594,15.500,3.212,0.000,20.092,20.699,20.813,19.899,17.715,17.447,14.344,17.062
3828280437.670,8.848,15.500,4.165,0.000,20.058,20.717,20.834,19.906,17.719,17.411,14.336,17.064
3828280438.670,8.751,15.500,2.224,0.000,20.080,20.741,20.824,19.960,17.690,17.425,14.339,17.088
3828280439.670,8.717,15.500,2.737,3.131,20.078,20.734,20.852,19.815,17.623,17.400,14.293,17.161
3828280440.670,4.144,15.500,2.994,0.000,20.114,20.733,20.837,19.796,17.629,17.420,14.273,17.127
3828280441.670,7.894,15.500,2.060,0.000,20.114,20.722,20.821,19.812,17.598,17.412,14.277,17.102
3828280442.670,9.039,15.500,2.261,0.000,20.115,20.677,20.844,19.810,17.624,17.406,14.266,17.082
3828280443.670,11.319,15.500,2.599,0.000,20.103,20.750,20.866,19.859,17.594,17.407,14.252,17.052
3828280444.670,9.043,15.500,2.729,0.000,20.165,20.730,20.851,19.809,17.619,17.387,14.240,17.073
3828280445.670,8.929,15.500,2.097,0.000,20.135,20.734,20.847,19.834,17.614,17.387,14.217,17.042
3828280446.670,9.124,15.500,3.347,0.000,20.126,20.730,20.838,19.754,17.629,17.397,14.204,17.101
3828280447.670,7.884,15.500,2.997,0.000,20.098,20.731,20.843,19.888,17.629,17.372,14.177,17.062
3828280448.670,7.845,15.500,3.038,0.000,20.105,20.720,20.847,19.815,17.611,17.359,14.177,17.064
3828280449.701,9.281,15.500,2.074,3.131,20.109,20.723,20.839,19.871,17.577,17.398,14.177,17.070
3828280450.701,9.987,15.500,3.478,0.000,20.135,20.754,20.822,19.860,17.590,17.385,14.175,17.060
3828280451.701,8.918,15.500,3.451,0.000,20.116,20.699,20.862,19.885,17.588,17.377,14.168,17.057
3828280452.701,5.403,15.500,2.231,0.000,20.129,20.678,20.853,19.883,17.580,17.379,14.171,17.024
3828280453.701,7.583,15.500,2.945,0.000,20.103,20.715,20.851,19.884,17.588,17.385,14.123,17.013
3828280454.701,7.865,15.500,3.893,0.000,20.132,20.706,20.869,19.925,17.600,17.352,14.119,16.999
3828280455.701,8.509,15.500,1.927,0.000,20.166,20.720,20.845,19.946,17.597,17.368,14.093,17.019
3828280456.701,7.938,15.500,2.788,0.000,20.134,20.728,20.877,19.791,17.583,17.354,14.074,17.036
3828280457.701,7.999,15.500,0.506,0.000,20.120,20.705,20.898,19.950,17.590,17.337,14.084,17.013
3828280458.701,8.518,15.500,1.835,0.000,20.114,20.729,20.886,19.852,17.591,17.327,14.076,17.015
3828280459.699,8.760,15.500,3.094,3.131,20.110,20.675,20.863,20.004,17.667,17.394,14.072,16.980
3828280460.699,9.681,15.500,1.862,0.000,20.133,20.679,20.829,19.865,17.689,17.387,14.057,16.985
3828280461.699,8.954,15.500,1.850,0.000,20.126,20.656,20.870,19.965,17.670,17.387,14.067,16.980
3828280462.699,7.872,15.500,1.972,0.000,20.126,20.674,20.862,19.896,17.695,17.381,14.045,16.970
3828280463.699,7.705,15.500,1.056,0.000,20.124,20.647,20.848,19.873,17.677,17.376,14.024,16.957
3828280464.699,8.770,15.500,0.000,0.000,20.115,20.602,20.839,19.994,17.676,17.396,14.026,16.949
3828280465.699,7.837,15.500,1.463,0.000,20.087,20.624,20.855,19.851,17.718,17.359,14.004,16.962
3828280466.699,9.042,15.500,2.550,0.000,20.142,20.626,20.844,19.903,17.717,17.345,13.996,16.941
3828280467.699,8.592,15.500,2.709,0.000,20.124,20.646,20.839,19.900,17.702,17.353,13.974,16.952
3828280468.699,9.411,15.500,2.237,0.000,20.111,20.705,20.852,19.925,17.717,17.314,13.983,16.962
3828280469.687,8.912,15.500,1.989,3.131,20.091,20.746,20.879,19.812,17.611,17.306,14.005,16.944
3828280470.687,8.720,15.500,2.961,0.000,20.053,20.723,20.876,19.827,17.602,17.294,13.958,16.911
3828280471.687,7.753,15.500,5.369,0.000,20.075,20.742,20.846,19.815,17.622,17.308,13.956,16.913
3828280472.687,7.930,15.500,2.485,0.000,20.087,20.743,20.851,19.866,17.615,17.314,13.940,16.907
3828280473.687,8.838,15.500,2.139,0.000,20.095,20.747,20.807,19.858,17.620,17.295,13.989,16.899
3828280474.687,8.258,15.500,0.000,0.000,20.110,20.764,20.827,19.878,17.604,17.319,13.966,16.945
3828280475.687,8.008,15.500,1.468,0.000,20.083,20.780,20.820,19.899,17.605,17.306,13.906,16.940
3828280476.687,6.185,15.500,1.717,0.000,20.055,20.726,20.839,19.881,17.616,17.321,13.855,16.921
3828280477.687,7.817,15.500,3.111,0.000,20.048,20.732,20.841,19.902,17.613,17.353,13.848,16.909
3828280478.687,13.837,15.500,2.254,0.000,20.087,20.717,20.834,19.905,17.609,17.359,13.826,16.894
3828280479.699,8.285,15.500,1.911,3.131,20.151,20.720,20.916,19.745,17.525,17.263,13.854,16.931
3828280480.699,8.174,15.500,2.319,0.000,20.103,20.754,20.901,19.746,17.527,17.281,13.820,16.921
3828280481.699,8.195,15.500,2.561,0.000,20.092,20.727,20.908,19.800,17.531,17.278,13.790,16.944
3828280482.699,8.843,15.500,4.502,0.000,20.097,20.747,20.868,19.673,17.524,17.257,13.818,16.936
3828280483.699,8.630,15.500,3.365,0.000,20.123,20.737,20.911,19.716,17.513,17.250,13.814,16.887
3828280484.699,7.818,15.500,1.400,0.000,20.130,20.707,20.918,19.757,17.539,17.218,13.801,16.876
3828280485.699,9.011,15.500,2.900,0.000,20.113,20.727,20.873,19.792,17.527,17.231,13.784,16.856
3828280486.699,5.328,15.500,2.816,0.000,20.111,20.722,20.898,19.878,17.544,17.230,13.784,16.853
3828280487.699,8.412,15.500,2.651,0.000,20.118,20.767,20.907,19.872,17.523,17.213,13.784,16.863
3828280488.699,8.877,15.500,2.380,0.000,20.126,20.754,20.887,19.790,17.522,17.223,13.794,16.849
3828280489.712,8.921,15.500,2.443,3.131,20.121,20.671,20.875,19.840,17.627,17.263,13.721,16.847
3828280490.712,9.537,15.500,1.996,0.000,20.111,20.667,20.901,19.916,17.634,17.297,13.653,16.815
3828280491.712,9.179,15.500,2.372,0.000,20.103,20.662,20.888,19.860,17.591,17.239,13.699,16.842
3828280492.712,8.402,15.500,2.513,0.000,20.085,20.671,20.885,19.891,17.613,17.276,13.662,16.850
3828280493.712,7.749,15.500,1.650,0.000,20.116,20.668,20.879,19.850,17.600,17.246,13.653,16.772
3828280494.712,6.063,15.500,1.439,0.000,20.081,20.644,20.887,19.910,17.613,17.238,13.629,16.772
3828280495.712,7.714,15.500,2.691,0.000,20.082,20.662,20.898,19.838,17.599,17.228,13.616,16.795
3828280496.712,12.306,15.500,2.973,0.000,20.097,20.689,20.899,19.836,17.583,17.204,13.611,16.785
3828280497.712,7.830,15.500,0.816,0.000,20.109,20.700,20.889,19.793,17.601,17.196,13.585,16.793
3828280498.712,7.973,15.500,1.431,0.000,20.128,20.685,20.930,19.916,17.617,17.182,13.591,16.774
3828280499.666,8.753,15.500,2.250,3.131,20.105,20.698,20.888,19.807,17.625,17.187,13.555,16.760
3828280500.666,10.100,15.500,2.390,0.000,20.086,20.695,20.917,19.908,17.648,17.190,13.551,16.755
3828280501.666,6.788,15.500,2.036,0.000,20.100,20.711,20.886,19.859,17.623,17.188,13.529,16.725
3828280502.666,8.659,15.500,1.885,0.000,20.166,20.718,20.938,19.848,17.600,17.173,13.525,16.733
3828280503.666,7.906,15.500,1.301,0.000,20.082,20.714,20.899,19.902,17.613,17.170,13.497,16.707
3828280504.666,8.176,15.500,0.266,0.000,20.102,20.735,20.880,19.897,17.570,17.147,13.511,16.720
3828280505.666,5.049,15.500,2.309,0.000,20.080,20.705,20.925,19.860,17.624,17.135,13.491,16.702
3828280506.666,9.363,15.500,2.194,0.000,20.122,20.688,20.875,19.858,17.608,17.161,13.484,16.688
3828280507.666,7.830,15.500,3.238,0.000,20.069,20.708,20.917,19.876,17.558,17.132,13.452,16.655
3828280508.666,8.714,15.500,1.836,0.000,20.079,20.655,20.913,19.878,17.594,17.155,13.441,16.604
3828280509.666,8.842,15.500,2.113,3.131,20.092,20.670,20.904,19.948,17.562,17.128,13.437,16.636
3828280510.666,8.105,15.500,2.675,0.000,20.089,20.689,20.887,19.878,17.546,17.123,13.416,16.647
3828280511.666,7.965,15.500,2.930,0.000,20.094,20.700,20.938,19.816,17.534,17.140,13.408,16.615
3828280512.666,9.624,15.500,2.693,0.000,20.089,20.707,20.896,19.819,17.531,17.118,13.409,16.626
3828280513.666,8.040,15.500,4.084,0.000,20.094,20.683,20.884,19.802,17.515,17.123,13.391,16.614
3828280514.666,9.162,15.500,1.911,0.000,20.091,20.693,20.928,19.877,17.531,17.106,13.355,16.623
3828280515.666,10.258,15.500,4.509,0.000,20.091,20.666,20.907,19.781,17.521,17.130,13.366,16.555
3828280516.666,9.802,15.500,2.828,0.000,20.110,20.703,20.899,19.897,17.509,17.115,13.332,16.601
3828280517.666,8.484,15.500,1.926,0.000,20.050,20.681,20.927,19.827,17.521,17.089,13.343,16.560
3828280518.666,14.396,15.500,2.451,0.000,20.109,20.722,20.900,19.845,17.501,17.076,13.316,16.572
3828280519.684,8.351,15.500,1.967,3.131,20.100,20.752,20.925,19.915,17.430,17.089,13.244,16.649
3828280520.684,6.683,15.500,1.737,0.000,20.089,20.716,20.916,19.996,17.445,17.086,13.243,16.632
3828280521.684,7.951,15.500,0.000,0.000,20.116,20.745,20.933,19.913,17.425,17.096,13.229,16.624
3828280522.684,8.033,15.500,2.852,0.000,20.106,20.735,20.928,19.908,17.453,17.029,13.225,16.604
3828280523.684,8.212,15.500,0.045,0.000,20.091,20.731,20.899,19.932,17.440,17.073,13.242,16.591
3828280524.684,10.503,15.500,2.329,0.000,20.087,20.755,20.928,19.942,17.397,17.036,13.225,16.590
3828280525.684,8.475,15.500,2.440,0.000,20.070,20.736,20.919,19.957,17.421,17.026,13.205,16.644
3828280526.684,8.600,15.500,2.701,0.000,20.084,20.750,20.952,19.947,17.399,17.037,13.202,16.625
3828280527.684,7.728,15.500,0.188,0.000,20.097,20.768,20.916,19.907,17.381,17.059,13.159,16.596
3828280528.684,8.948,15.500,2.914,0.000,20.108,20.727,20.942,19.955,17.375,17.015,13.153,16.578
3828280529.619,8.909,15.500,2.817,3.131,20.097,20.759,20.928,19.959,17.285,17.011,13.207,16.633
3828280530.619,8.264,15.500,2.580,0.000,20.085,20.780,20.918,19.982,17.284,17.018,13.156,16.673
3828280531.619,8.338,15.500,2.095,0.000,20.134,20.778,20.908,19.901,17.281,17.013,13.150,16.673
3828280532.619,7.702,15.500,0.361,0.000,20.102,20.758,20.920,19.967,17.287,16.985,13.095,16.649
3828280533.619,8.928,15.500,1.638,0.000,20.116,20.798,20.890,19.915,17.257,16.972,13.114,16.669
3828280534.619,7.835,15.500,1.537,0.000,20.119,20.760,20.880,20.000,17.291,17.020,13.091,16.640
3828280535.619,8.094,15.500,2.524,0.000,20.135,20.746,20.909,19.942,17.239,16.972,13.075,16.669
3828280536.619,7.981,15.500,0.839,0.000,20.124,20.723,20.906,20.007,17.270,16.974,13.082,16.607
3828280537.619,8.725,15.500,2.283,0.000,20.174,20.756,20.906,19.934,17.221,16.970,13.057,16.626
3828280538.619,8.744,15.500,1.977,0.000,20.155,20.727,20.918,19.959,17.235,16.974,13.027,16.562
3828280539.574,7.923,15.500,0.892,3.131,20.082,20.736,20.856,19.835,17.361,16.997,13.067,16.539
3828280540.574,8.417,15.500,3.393,0.000,20.112,20.786,20.893,19.784,17.311,16.996,13.008,16.552
3828280541.574,8.687,15.500,2.963,0.000,20.106,20.743,20.868,19.864,17.315,17.027,12.993,16.537
3828280542.574,9.019,15.500,2.152,0.000,20.102,20.772,20.925,19.875,17.321,17.017,12.985,16.503
3828280543.574,8.492,15.500,1.876,0.000,20.111,20.758,20.895,19.932,17.347,16.999,12.999,16.497
3828280544.574,7.786,15.500,1.429,0.000,20.113,20.768,20.920,19.836,17.322,16.957,12.959,16.495
3828280545.574,9.448,15.500,2.412,0.000,20.104,20.726,20.862,19.760,17.319,16.962,12.963,16.490
3828280546.574,7.707,15.500,3.277,0.000,20.073,20.724,20.898,19.810,17.299,16.913,12.945,16.509
3828280547.574,8.693,15.500,2.206,0.000,20.131,20.702,20.905,19.739,17.304,16.972,12.925,16.452
3828280548.574,7.802,14.390,1.458,0.000,20.119,20.660,20.940,19.742,17.315,16.916,12.919,16.479
3828280549.544,8.762,13.393,1.795,3.131,20.115,20.707,20.929,19.753,17.326,16.862,12.917,16.431
3828280550.544,9.997,12.017,2.241,0.000,20.080,20.708,20.923,19.753,17.359,16.867,12.892,16.340
3828280551.544,9.453,11.713,1.964,0.000,20.054,20.722,20.920,19.642,17.505,16.817,12.874,16.345
3828280552.544,7.944,10.812,2.667,0.000,20.046,20.736,20.921,19.678,17.588,16.839,12.860,16.341
3828280553.544,7.388,10.470,3.661,0.000,20.014,20.711,20.903,19.627,17.711,16.835,12.855,16.319
3828280554.544,9.912,11.318,1.970,0.000,20.060,20.737,20.941,19.663,17.771,16.838,12.885,16.282
3828280555.544,10.080,10.800,2.439,0.000,20.049,20.715,20.946,19.634,17.817,16.913,12.812,16.200
3828280556.544,8.418,10.783,2.353,0.000,20.079,20.723,20.931,19.702,17.769,16.939,12.825,16.196
3828280557.544,8.042,9.989,2.995,0.000,20.087,20.729,20.932,19.763,17.829,16.989,12.782,16.170
3828280558.544,9.083,11.124,3.100,0.000,20.072,20.729,20.930,19.742,17.764,17.001,12.742,16.127
3828280559.496,8.799,10.941,2.033,3.131,20.122,20.704,20.899,19.602,17.747,17.085,12.757,16.156
3828280560.496,7.969,10.659,3.073,0.000,20.093,20.718,20.892,19.654,17.754,17.066,12.780,16.136
3828280561.496,7.943,10.476,2.604,0.000,20.119,20.695,20.903,19.632,17.734,17.053,12.750,16.107
3828280562.496,9.775,10.887,0.654,0.000,20.105,20.700,20.908,19.706,17.710,17.088,12.752,16.138
3828280563.496,8.965,10.869,0.608,0.000,20.118,20.700,20.940,19.597,17.719,17.063,12.711,16.149
3828280564.496,5.289,10.760,2.170,0.000,20.141,20.712,20.898,19.678,17.693,17.054,12.729,16.137
3828280565.496,9.770,10.406,1.828,0.000,20.115,20.712,20.891,19.634,17.713,17.074,12.687,16.111
3828280566.496,8.503,9.910,2.058,0.000,20.102,20.709,20.929,19.711,17.747,17.018,12.678,16.119
3828280567.496,8.187,10.616,2.534,0.000,20.098,20.738,20.918,19.634,17.753,17.015,12.666,16.105
3828280568.496,8.451,8.174,2.007,0.000,20.114,20.735,20.925,19.634,17.766,17.035,12.652,16.114
3828280569.524,8.651,10.568,2.082,3.131,20.075,20.703,20.936,19.717,17.791,17.025,12.632,16.059
3828280570.524,7.990,10.736,1.376,0.000,20.068,20.700,20.946,19.743,17.795,17.037,12.622,16.069
3828280571.524,8.722,10.924,2.583,0.000,20.066,20.717,20.943,19.747,17.819,17.028,12.606,16.034
3828280572.524,8.536,10.643,0.201,0.000,20.083,20.678,20.946,19.754,17.818,17.034,12.596,16.045
3828280573.524,8.097,10.131,2.345,0.000,20.047,20.711,20.932,19.756,17.804,17.071,12.584,16.034
3828280574.524,9.699,10.424,2.877,0.000,20.056,20.707,20.919,19.708,17.840,17.033,12.574,16.008
3828280575.524,8.253,10.237,0.000,0.000,20.065,20.736,20.951,19.739,17.845,17.071,12.570,16.044
3828280576.524,7.691,10.962,1.960,0.000,20.020,20.720,20.952,19.697,17.872,17.069,12.551,16.001
3828280577.524,7.486,10.593,3.052,0.000,20.009,20.757,20.905,19.670,17.865,17.102,12.561,16.018
3828280578.524,8.619,11.141,3.030,0.000,20.040,20.714,20.931,19.665,17.910,17.069,12.532,15.990
3828280579.513,7.962,10.476,3.025,3.131,20.072,20.730,20.941,19.776,17.867,17.046,12.501,16.031
3828280580.513,8.964,10.818,1.787,0.000,20.074,20.759,20.925,19.807,17.828,17.065,12.490,16.041
3828280581.513,7.829,10.702,1.212,0.000,20.045,20.684,20.913,19.849,17.868,17.085,12.499,16.007
3828280582.513,8.306,10.348,0.000,0.000,20.036,20.719,20.933,19.793,17.910,17.079,12.491,16.015
3828280583.513,6.822,10.835,1.756,0.000,20.021,20.727,20.907,19.784,17.885,17.079,12.479,16.012
3828280584.513,7.700,10.602,1.062,0.000,19.998,20.705,20.908,19.767,17.915,17.079,12.500,16.022
3828280585.513,5.823,11.681,2.283,0.000,20.004,20.722,20.931,19.705,17.923,17.094,12.457,15.982
3828280586.513,8.869,10.842,1.910,0.000,20.039,20.712,20.962,19.724,17.906,17.068,12.437,15.955
3828280587.513,9.675,10.626,2.552,0.000,20.055,20.687,20.927,19.777,17.866,17.066,12.424,15.960
3828280588.513,8.581,10.782,2.023,0.000,20.075,20.680,20.904,19.735,17.885,17.080,12.458,15.980
3828280589.480,7.918,10.940,1.971,3.131,20.010,20.706,20.926,19.571,17.892,17.073,12.449,15.970
3828280590.480,8.234,10.066,1.984,0.000,20.061,20.678,20.940,19.709,17.935,17.058,12.424,15.908
3828280591.480,9.882,10.860,2.833,0.000,20.037,20.689,20.954,19.613,17.918,17.073,12.411,15.954
3828280592.480,8.130,10.741,0.692,0.000,20.071,20.703,20.930,19.578,17.912,17.043,12.429,15.994
3828280593.480,8.350,10.208,2.094,0.000,20.039,20.708,20.916,19.567,17.948,17.082,12.397,15.990
3828280594.480,8.803,10.348,2.246,0.000,20.053,20.676,20.941,19.592,17.944,17.074,12.388,15.999
3828280595.480,8.212,10.620,1.785,0.000,20.024,20.667,20.958,19.549,17.916,17.070,12.372,16.027
3828280596.480,8.758,11.040,2.035,0.000,20.060,20.656,20.932,19.560,17.882,17.118,12.351,16.030
3828280597.480,7.805,10.810,1.684,0.000,20.048,20.627,20.965,19.654,17.888,17.107,12.367,16.008
3828280598.480,7.755,10.288,3.161,0.000,20.047,20.686,20.931,19.650,17.857,17.113,12.326,16.023
3828280599.448,7.630,9.914,3.826,3.131,20.017,20.690,21.006,19.601,17.862,17.053,12.322,15.989
3828280600.448,8.713,10.731,1.944,0.000,20.024,20.674,21.012,19.631,17.844,17.014,12.285,16.018
3828280601.448,9.290,10.196,1.469,0.000,20.013,20.709,20.985,19.667,17.829,17.060,12.273,16.036
3828280602.448,8.827,10.608,2.923,0.000,20.044,20.675,20.974,19.688,17.856,17.086,12.276,16.018
3828280603.448,9.278,11.100,2.284,0.000,20.012,20.684,20.944,19.673,17.888,17.047,12.269,15.983
3828280604.448,9.736,11.041,1.933,0.000,20.017,20.684,20.931,19.712,17.888,17.066,12.209,15.999
3828280605.448,5.147,10.327,2.828,0.000,20.010,20.689,20.967,19.667,17.881,17.069,12.216,15.996
3828280606.448,8.570,11.038,1.893,0.000,20.021,20.714,20.957,19.633,17.882,17.064,12.241,16.000
3828280607.448,8.211,10.463,2.158,0.000,19.994,20.693,20.951,19.741,17.862,17.080,12.211,15.990
3828280608.448,8.695,10.211,2.066,0.000,20.027,20.692,20.959,19.695,17.856,17.071,12.242,15.970
3828280609.388,8.659,10.933,2.991,3.131,19.968,20.670,20.915,19.696,17.934,17.085,12.248,15.965
3828280610.388,8.171,10.885,1.375,0.000,19.998,20.668,20.964,19.679,17.937,17.055,12.249,15.944
3828280611.388,8.795,11.122,0.879,0.000,19.980,20.649,20.938,19.706,17.927,17.078,12.228,15.868
3828280612.388,8.044,10.933,2.088,0.000,20.030,20.628,20.936,19.675,17.916,17.071,12.222,15.896
3828280613.388,8.121,10.661,0.881,0.000,20.044,20.648,20.929,19.678,17.948,17.062,12.233,15.925
3828280614.388,8.551,10.058,1.887,0.000,20.022,20.659,20.950,19.630,17.958,17.047,12.197,15.947
3828280615.388,9.456,10.930,1.755,0.000,20.030,20.601,20.905,19.632,17.950,17.085,12.226,15.967
3828280616.388,8.587,10.534,2.893,0.000,20.043,20.639,20.956,19.625,17.898,17.058,12.202,15.991
3828280617.388,8.191,11.195,1.389,0.000,20.004,20.633,20.956,19.653,17.890,17.086,12.199,15.979
3828280618.388,8.719,10.294,1.897,0.000,20.017,20.640,20.911,19.658,17.892,17.124,12.208,15.985
3828280619.404,8.349,10.350,2.581,3.131,20.029,20.675,20.886,19.615,17.855,17.065,12.193,15.969
3828280620.404,8.831,10.649,2.716,0.000,20.036,20.711,20.924,19.684,17.833,17.069,12.218,15.974
3828280621.404,8.156,11.084,1.287,0.000,19.977,20.689,20.911,19.696,17.838,17.080,12.177,15.941
3828280622.404,8.341,10.392,1.677,0.000,20.031,20.693,20.930,19.575,17.807,17.059,12.183,15.945
3828280623.404,7.922,10.718,1.766,0.000,20.021,20.694,20.948,19.613,17.834,17.015,12.220,15.956
3828280624.404,8.827,10.722,2.392,0.000,20.027,20.686,20.939,19.626,17.802,17.028,12.198,15.943
3828280625.404,8.401,10.525,2.823,0.000,20.023,20.673,20.932,19.589,17.800,17.051,12.199,15.964
3828280626.404,8.818,9.813,3.338,0.000,20.050,20.685,20.955,19.584,17.774,17.056,12.177,15.986
3828280627.404,8.310,10.695,2.474,0.000,20.030,20.719,20.977,19.549,17.765,17.008,12.113,15.996
3828280628.404,7.953,10.900,1.335,0.000,20.052,20.664,20.955,19.617,17.777,17.014,12.112,15.961
3828280629.369,8.776,10.893,2.136,3.131,19.967,20.673,20.912,19.755,17.891,17.063,12.085,15.953
3828280630.369,7.901,10.427,0.747,0.000,20.027,20.646,20.878,19.655,17.867,17.112,12.097,15.950
3828280631.369,7.800,10.573,2.494,0.000,20.010,20.684,20.923,19.654,17.843,17.129,12.092,15.968
3828280632.369,8.056,10.585,1.096,0.000,20.015,20.706,20.922,19.703,17.836,17.088,12.085,15.951
3828280633.369,9.667,11.495,1.856,0.000,20.013,20.675,20.871,19.643,17.854,17.087,12.145,15.928
3828280634.369,9.641,9.642,1.880,0.000,20.029,20.700,20.859,19.630,17.837,17.022,12.134,15.949
3828280635.369,8.118,8.058,1.690,0.000,19.995,20.681,20.887,19.712,17.846,17.032,12.107,15.929
3828280636.369,9.602,11.233,2.056,0.000,20.008,20.688,20.895,19.646,17.825,17.040,12.121,15.947
3828280637.369,9.489,10.693,2.363,0.000,20.006,20.721,20.943,19.601,17.817,17.037,12.105,15.950
3828280638.369,7.834,11.042,1.992,0.000,20.016,20.682,20.965,19.624,17.842,17.040,12.107,15.909
3828280639.341,9.467,11.001,1.293,3.131,20.053,20.674,20.953,19.611,17.727,17.031,12.094,15.972
3828280640.341,7.765,10.618,2.932,0.000,20.062,20.659,20.964,19.661,17.761,17.014,12.059,15.964
3828280641.341,4.994,11.332,2.461,0.000,20.040,20.670,20.948,19.649,17.786,17.038,12.093,15.949
3828280642.341,8.716,10.186,3.034,0.000,20.063,20.673,20.933,19.654,17.731,17.015,12.086,15.955
3828280643.341,9.165,10.886,1.766,0.000,20.010,20.642,20.954,19.633,17.759,17.008,12.063,15.952
3828280644.341,9.606,10.534,1.936,0.000,20.029,20.615,20.930,19.610,17.752,17.027,12.090,15.932
3828280645.341,8.212,11.076,2.069,0.000,20.014,20.687,20.928,19.567,17.743,16.992,12.085,15.950
3828280646.341,7.876,10.757,1.460,0.000,19.993,20.671,20.958,19.636,17.746,17.029,12.046,15.903
3828280647.341,8.328,10.155,2.428,0.000,20.020,20.638,20.925,19.637,17.766,17.024,12.075,15.916
3828280648.341,8.384,10.804,1.885,0.000,20.028,20.660,20.929,19.624,17.757,16.981,12.097,15.928
3828280649.338,8.667,10.329,2.413,3.131,19.980,20.632,20.958,19.716,17.844,17.005,11.991,15.882
3828280650.338,5.405,10.834,2.717,0.000,19.976,20.642,20.937,19.658,17.882,17.027,11.979,15.862
3828280651.338,8.646,10.107,2.833,0.000,19.994,20.638,20.956,19.698,17.858,16.993,11.988,15.890
3828280652.338,9.151,10.884,1.972,0.000,19.972,20.628,20.925,19.721,17.879,17.029,12.013,15.849
3828280653.338,8.726,10.708,1.827,0.000,19.991,20.627,20.944,19.662,17.829,17.021,12.023,15.877
3828280654.338,8.714,10.965,2.301,0.000,19.970,20.617,20.950,19.685,17.850,17.000,11.986,15.831
3828280655.338,8.796,10.777,1.913,0.000,19.988,20.625,20.978,19.657,17.817,17.000,12.058,15.881
3828280656.338,8.757,10.886,3.100,0.000,19.992,20.599,20.962,19.695,17.845,17.019,12.042,15.855
3828280657.338,8.477,10.099,3.039,0.000,20.001,20.625,20.974,19.619,17.813,17.003,12.028,15.861
3828280658.338,8.200,10.469,0.000,0.000,19.984,20.591,21.028,19.653,17.818,16.974,12.017,15.855
3828280659.263,8.840,10.134,3.176,3.131,19.925,20.632,20.927,19.734,17.889,16.988,12.075,15.822
3828280660.263,8.572,10.924,2.639,0.000,19.949,20.567,20.922,19.790,17.884,16.994,12.064,15.803
3828280661.263,8.921,10.995,2.240,0.000,19.957,20.606,20.911,19.856,17.837,16.997,12.067,15.832
3828280662.263,8.735,10.759,2.444,0.000,19.952,20.610,20.919,19.849,17.865,16.998,12.036,15.845
3828280663.263,8.956,11.312,2.627,0.000,19.966,20.617,20.920,19.804,17.835,17.019,12.028,15.863
3828280664.263,8.646,10.303,3.725,0.000,19.944,20.629,20.939,19.726,17.828,17.029,12.032,15.864
3828280665.263,7.674,9.314,4.199,0.000,19.971,20.584,20.939,19.751,17.853,17.001,12.027,15.810
3828280666.263,7.726,10.721,4.328,0.000,19.973,20.574,20.926,19.671,17.805,16.992,12.064,15.881
3828280667.263,8.632,12.307,2.506,0.000,19.938,20.597,20.950,19.741,17.816,16.993,12.072,15.859
3828280668.263,12.422,10.647,2.393,0.000,19.971,20.606,20.961,19.595,17.787,17.007,12.072,15.869
3828280669.311,14.482,10.578,2.526,3.131,19.980,20.637,20.957,19.592,17.799,16.983,12.030,15.846
3828280670.311,7.851,10.414,2.719,0.000,19.944,20.614,20.934,19.684,17.823,17.012,12.052,15.810
3828280671.311,8.133,10.466,1.801,0.000,19.952,20.642,20.943,19.595,17.820,16.997,12.046,15.831
3828280672.311,8.188,10.804,4.034,0.000,19.966,20.595,20.935,19.514,17.837,17.000,12.081,15.845
3828280673.311,7.906,10.587,2.562,0.000,19.932,20.624,20.957,19.625,17.817,16.970,12.101,15.814
3828280674.311,7.746,10.241,2.507,0.000,19.944,20.627,20.946,19.596,17.780,16.974,12.078,15.865
3828280675.311,14.032,10.429,2.890,0.000,19.962,20.573,20.981,19.597,17.821,17.004,12.099,15.831
3828280676.311,6.705,11.311,2.095,0.000,19.942,20.618,20.981,19.609,17.802,16.963,12.135,15.843
3828280677.311,8.654,10.768,2.477,0.000,19.970,20.608,20.973,19.568,17.814,16.968,12.109,15.827
3828280678.311,8.882,10.241,3.394,0.000,19.909,20.600,21.011,19.489,17.790,16.982,12.110,15.824
3828280679.276,8.202,10.373,1.788,3.131,19.968,20.662,20.925,19.731,17.751,16.942,12.170,15.861
3828280680.276,7.573,9.018,2.257,0.000,19.956,20.634,20.910,19.791,17.742,16.976,12.125,15.808
3828280681.276,7.855,9.638,3.127,0.000,19.967,20.644,20.920,19.685,17.741,16.947,12.174,15.859
3828280682.276,8.787,11.023,2.871,0.000,19.960,20.631,20.923,19.766,17.729,16.957,12.143,15.828
3828280683.276,9.859,11.089,2.497,0.000,19.979,20.622,20.929,19.718,17.738,16.959,12.199,15.860
3828280684.276,9.727,11.067,2.267,0.000,19.936,20.595,20.949,19.756,17.779,16.932,12.168,15.825
3828280685.276,8.569,11.009,1.417,0.000,19.962,20.649,20.908,19.758,17.723,16.960,12.213,15.866
3828280686.276,7.841,10.802,4.027,0.000,19.975,20.613,20.946,19.790,17.745,16.973,12.212,15.859
3828280687.276,9.443,10.243,2.262,0.000,19.940,20.621,20.960,19.737,17.769,16.959,12.195,15.831
3828280688.276,8.097,10.815,0.000,0.000,19.984,20.605,20.963,19.665,17.752,16.943,12.228,15.854
3828280689.311,7.805,10.799,0.965,3.131,19.936,20.590,20.981,19.696,17.778,16.971,12.167,15.822
3828280690.311,7.714,10.747,1.554,0.000,19.982,20.562,20.985,19.707,17.779,17.005,12.201,15.849
3828280691.311,9.613,10.458,2.059,0.000,19.954,20.557,20.961,19.758,17.804,16.994,12.200,15.848
3828280692.311,8.404,10.890,5.251,0.000,19.973,20.568,20.939,19.662,17.791,16.990,12.221,15.813
3828280693.311,8.524,8.949,1.917,0.000,19.967,20.552,20.891,19.681,17.825,17.000,12.226,15.829
3828280694.311,8.066,9.868,2.097,0.000,19.938,20.591,20.927,19.670,17.823,16.980,12.185,15.869
3828280695.311,8.232,9.799,1.756,0.000,19.959,20.575,20.915,19.725,17.815,17.019,12.192,15.873
3828280696.311,7.786,10.827,1.848,0.000,19.907,20.579,20.938,19.773,17.829,17.011,12.200,15.839
3828280697.311,8.444,10.632,1.950,0.000,19.937,20.574,20.923,19.727,17.809,17.000,12.262,15.858
3828280698.311,8.782,10.780,1.645,0.000,19.941,20.605,20.893,19.757,17.831,17.013,12.266,15.841
3828280699.261,4.037,10.831,0.561,3.131,19.907,20.581,20.943,19.591,17.815,17.007,12.255,15.835
3828280700.261,8.782,10.838,2.130,0.000,19.930,20.575,20.910,19.635,17.806,17.003,12.235,15.878
3828280701.261,8.220,11.135,1.977,0.000,19.923,20.558,20.912,19.562,17.838,17.009,12.277,15.858
3828280702.261,9.000,10.167,1.626,0.000,19.886,20.569,20.916,19.748,17.829,17.019,12.273,15.816
3828280703.261,8.393,11.323,5.056,0.000,19.873,20.556,20.922,19.724,17.848,16.965,12.286,15.848
3828280704.261,9.852,10.314,1.744,0.000,19.874,20.584,20.879,19.536,17.847,17.022,12.348,15.882
3828280705.261,7.632,10.529,4.208,0.000,19.907,20.566,20.907,19.638,17.868,17.024,12.336,15.775
3828280706.261,8.746,10.660,1.875,0.000,19.935,20.569,20.904,19.611,17.864,16.993,12.343,15.802
3828280707.261,9.200,10.854,2.646,0.000,19.952,20.599,20.893,19.576,17.866,16.999,12.362,15.882
3828280708.261,8.605,10.970,2.070,0.000,19.962,20.525,20.895,19.667,17.842,17.020,12.373,15.876
3828280709.295,9.008,12.321,1.442,3.131,19.956,20.604,20.906,19.547,17.748,17.009,12.434,15.875
3828280710.295,9.355,12.024,1.362,0.000,19.966,20.628,20.923,19.501,17.722,16.996,12.409,15.894
3828280711.295,9.762,10.631,2.002,0.000,19.967,20.622,20.922,19.409,17.707,17.006,12.406,15.951
3828280712.295,8.519,10.275,0.000,0.000,19.955,20.603,20.922,19.467,17.700,17.016,12.396,15.940
3828280713.295,9.807,11.002,1.910,0.000,20.000,20.609,20.925,19.558,17.678,16.984,12.383,15.948
3828280714.295,9.075,9.808,2.014,0.000,19.985,20.607,20.927,19.575,17.704,17.015,12.410,16.013
3828280715.295,8.694,10.124,2.147,0.000,19.925,20.640,20.916,19.601,17.649,16.996,12.410,15.953
3828280716.295,7.889,10.356,2.672,0.000,19.909,20.625,20.904,19.580,17.684,17.004,12.419,15.914
3828280717.295,8.254,10.454,2.518,0.000,19.870,20.701,20.916,19.620,17.738,16.981,12.394,15.887
3828280718.295,8.956,10.814,1.929,0.000,19.948,20.639,20.945,19.533,17.738,16.979,12.434,15.920
3828280719.309,4.848,10.885,1.770,3.131,19.918,20.637,20.887,19.643,17.743,16.971,12.435,15.908
3828280720.309,7.729,11.007,0.820,0.000,19.921,20.624,20.924,19.526,17.738,16.970,12.470,15.909
3828280721.309,9.050,9.782,2.339,0.000,19.951,20.553,20.928,19.571,17.745,16.995,12.470,15.896
3828280722.309,8.388,12.248,5.013,0.000,19.952,20.581,20.907,19.534,17.783,16.935,12.487,15.929
3828280723.309,8.444,9.819,5.500,0.000,19.903,20.602,20.937,19.641,17.756,16.993,12.446,15.912
3828280724.309,8.750,10.891,3.402,0.000,19.901,20.536,20.946,19.596,17.799,17.024,12.436,15.900
3828280725.309,9.103,12.157,3.399,0.000,19.907,20.550,20.905,19.640,17.812,17.035,12.432,15.896
3828280726.309,9.882,10.407,2.002,0.000,19.918,20.583,20.903,19.715,17.819,17.008,12.456,15.910
3828280727.309,8.891,11.043,1.949,0.000,19.918,20.582,20.913,19.639,17.831,17.034,12.433,15.929
3828280728.309,7.785,10.356,2.374,0.000,19.906,20.588,20.905,19.637,17.826,17.015,12.501,15.948
3828280729.311,9.000,10.907,2.453,3.131,19.932,20.550,20.941,19.729,17.785,17.051,12.487,15.946
3828280730.311,7.727,10.602,1.048,0.000,19.918,20.540,20.934,19.775,17.821,17.061,12.489,15.957
3828280731.311,9.000,9.827,2.859,0.000,19.898,20.544,20.884,19.679,17.833,17.068,12.497,15.946
3828280732.311,8.711,10.878,2.131,0.000,19.888,20.563,20.876,19.722,17.825,17.030,12.480,15.938
3828280733.311,8.691,10.884,3.039,0.000,19.891,20.556,20.889,19.692,17.856,17.036,12.504,15.970
3828280734.311,7.477,11.700,5.500,0.000,19.902,20.518,20.875,19.737,17.841,17.050,12.534,15.947
3828280735.311,8.083,10.546,3.449,0.000,19.896,20.565,20.882,19.815,17.849,17.051,12.554,15.915
3828280736.311,8.720,10.738,2.976,0.000,19.888,20.547,20.878,19.672,17.858,17.103,12.581,15.946
3828280737.311,9.993,11.288,1.923,0.000,19.866,20.566,20.862,19.687,17.902,17.068,12.592,15.922
3828280738.311,8.166,10.570,2.165,0.000,19.893,20.566,20.909,19.771,17.900,17.061,12.608,15.846
3828280739.245,7.923,10.629,2.846,3.131,19.903,20.606,20.852,19.525,17.792,17.064,12.628,15.982
3828280740.245,8.923,10.884,2.892,0.000,19.937,20.608,20.838,19.491,17.796,17.045,12.652,15.989
3828280741.245,10.033,11.162,1.222,0.000,19.923,20.619,20.818,19.498,17.823,17.089,12.646,15.968
3828280742.245,8.813,10.632,2.479,0.000,19.927,20.603,20.867,19.566,17.808,17.067,12.643,15.972
3828280743.245,6.999,10.282,5.500,0.000,19.923,20.587,20.870,19.577,17.781,17.080,12.673,15.989
3828280744.245,3.871,11.065,1.673,0.000,19.919,20.579,20.890,19.488,17.793,17.051,12.673,15.989
3828280745.245,9.262,12.540,3.039,0.000,19.930,20.596,20.891,19.575,17.790,17.055,12.713,16.015
3828280746.245,9.359,10.511,2.350,0.000,19.941,20.620,20.873,19.574,17.772,17.066,12.745,16.003
3828280747.245,8.484,10.060,2.029,0.000,19.955,20.593,20.920,19.506,17.788,17.049,12.764,16.017
3828280748.245,7.581,10.794,4.311,0.000,19.944,20.581,20.870,19.523,17.760,17.074,12.762,16.013
3828280749.275,9.889,10.771,0.494,3.131,19.941,20.560,20.878,19.628,17.788,17.078,12.765,16.006
3828280750.275,4.880,10.373,2.590,0.000,19.935,20.575,20.883,19.585,17.777,17.079,12.771,16.044
3828280751.275,9.236,10.905,1.805,0.000,19.939,20.595,20.885,19.689,17.782,17.047,12.778,16.032
3828280752.275,6.240,10.793,1.176,0.000,19.957,20.579,20.881,19.666,17.756,17.072,12.805,16.034
3828280753.275,7.766,10.772,5.430,0.000,19.968,20.577,20.856,19.641,17.777,17.075,12.808,16.034
3828280754.275,8.350,8.287,2.300,0.000,19.967,20.577,20.856,19.621,17.792,17.097,12.785,16.038
3828280755.275,9.085,10.431,2.972,0.000,19.972,20.567,20.845,19.663,17.776,17.096,12.812,16.022
3828280756.275,8.495,10.780,2.848,0.000,19.991,20.551,20.872,19.664,17.773,17.080,12.805,16.059
3828280757.275,7.733,10.739,3.043,0.000,19.938,20.552,20.864,19.549,17.763,17.105,12.791,16.060
3828280758.275,7.758,10.167,3.978,0.000,19.944,20.562,20.873,19.596,17.788,17.092,12.786,16.091
3828280759.294,8.672,11.256,2.262,3.131,19.935,20.555,20.892,19.558,17.805,17.081,12.799,16.069
3828280760.294,7.697,10.983,2.046,0.000,19.949,20.599,20.855,19.582,17.789,17.105,12.760,16.095
3828280761.294,9.939,10.966,1.346,0.000,19.931,20.585,20.899,19.670,17.764,17.087,12.790,16.095
3828280762.294,7.537,10.460,2.604,0.000,19.960,20.555,20.912,19.535,17.754,17.121,12.776,16.104
3828280763.294,7.721,10.347,4.291,0.000,19.953,20.573,20.904,19.583,17.718,17.122,12.813,16.086
3828280764.294,8.285,10.975,2.992,0.000,19.966,20.566,20.882,19.625,17.737,17.110,12.818,16.141
3828280765.294,14.088,10.706,2.708,0.000,19.945,20.560,20.871,19.561,17.772,17.103,12.857,16.147
3828280766.294,8.647,10.971,2.676,0.000,19.951,20.590,20.864,19.534,17.769,17.117,12.837,16.178
3828280767.294,8.935,9.228,3.224,0.000,19.927,20.604,20.848,19.622,17.750,17.135,12.817,16.157
3828280768.294,7.881,10.481,2.831,0.000,19.890,20.598,20.870,19.651,17.759,17.127,12.844,16.115
3828280769.276,7.794,10.950,1.789,3.131,19.891,20.544,20.879,19.756,17.755,17.118,12.837,16.084
3828280770.276,8.271,10.660,2.330,0.000,19.914,20.618,20.874,19.673,17.723,17.124,12.864,16.098
3828280771.276,8.585,10.427,0.613,0.000,19.914,20.641,20.848,19.750,17.803,17.118,12.862,16.093
3828280772.276,8.154,10.148,0.000,0.000,19.912,20.589,20.872,19.756,17.846,17.107,12.897,16.091
3828280773.276,11.649,10.745,2.341,0.000,19.907,20.599,20.886,19.748,17.811,17.069,12.876,16.080
3828280774.276,8.680,10.105,2.684,0.000,19.919,20.595,20.881,19.664,17.814,17.099,12.894,16.101
3828280775.276,4.788,10.878,1.719,0.000,19.903,20.569,20.895,19.727,17.839,17.106,12.921,16.096
3828280776.276,8.483,10.637,1.994,0.000,19.882,20.531,20.902,19.719,17.857,17.132,12.908,16.113
3828280777.276,8.892,9.909,1.885,0.000,19.888,20.560,20.896,19.730,17.844,17.069,12.927,16.063
3828280778.276,8.307,10.472,1.982,0.000,19.920,20.549,20.884,19.736,17.848,17.050,12.925,16.087
3828280779.275,8.885,10.798,2.015,3.131,19.917,20.587,20.871,19.626,17.785,17.128,12.916,16.211
3828280780.275,9.698,10.525,2.804,0.000,19.920,20.608,20.869,19.508,17.784,17.154,12.931,16.214
3828280781.275,8.127,9.841,2.802,0.000,19.900,20.606,20.837,19.540,17.772,17.157,12.939,16.184
3828280782.275,8.821,8.342,1.970,0.000,19.906,20.585,20.843,19.557,17.769,17.185,12.941,16.182
3828280783.275,8.484,11.856,2.574,0.000,19.848,20.590,20.841,19.579,17.766,17.155,12.967,16.164
3828280784.275,9.425,12.172,1.369,0.000,19.907,20.604,20.858,19.538,17.749,17.135,12.966,16.152
3828280785.275,7.848,10.545,3.765,0.000,19.901,20.595,20.851,19.574,17.757,17.177,13.009,16.143
3828280786.275,8.294,10.595,2.738,0.000,19.893,20.569,20.833,19.533,17.790,17.163,13.037,16.146
3828280787.275,4.698,10.942,1.920,0.000,19.858,20.588,20.835,19.625,17.801,17.183,13.012,16.128
3828280788.275,8.658,11.823,2.706,0.000,19.857,20.618,20.831,19.523,17.810,17.167,13.005,16.136
3828280789.247,9.463,12.099,2.088,3.131,19.969,20.570,20.841,19.541,17.807,17.191,13.028,16.205
3828280790.247,8.735,10.292,2.151,0.000,19.957,20.537,20.851,19.642,17.792,17.171,13.042,16.198
3828280791.247,9.136,12.465,1.881,0.000,19.951,20.553,20.831,19.733,17.811,17.188,13.036,16.194
3828280792.247,5.320,10.338,2.434,0.000,19.930,20.577,20.846,19.630,17.775,17.179,13.035,16.261
3828280793.247,8.521,11.084,1.589,0.000,19.945,20.549,20.823,19.654,17.827,17.197,13.068,16.227
3828280794.247,8.002,10.584,2.920,0.000,19.915,20.571,20.825,19.648,17.837,17.178,13.045,16.255
3828280795.247,8.973,10.935,2.014,0.000,19.881,20.601,20.880,19.649,17.821,17.167,13.050,16.262
3828280796.247,7.886,10.539,0.296,0.000,19.915,20.576,20.829,19.636,17.810,17.187,13.081,16.234
3828280797.247,8.643,10.791,2.466,0.000,19.875,20.544,20.849,19.618,17.814,17.196,13.090,16.194
3828280798.247,13.753,11.023,2.089,0.000,19.902,20.573,20.874,19.637,17.804,17.200,13.086,16.195
3828280799.249,8.304,10.791,2.133,3.131,19.859,20.508,20.898,19.739,17.914,17.187,13.054,16.171
3828280800.249,8.666,11.035,2.574,0.000,19.905,20.529,20.866,19.678,17.936,17.211,13.030,16.190
3828280801.249,7.840,10.718,2.185,0.000,19.885,20.519,20.832,19.680,17.935,17.222,13.044,16.198
3828280802.249,8.685,10.534,1.947,0.000,19.865,20.540,20.847,19.695,17.975,17.233,13.056,16.185
3828280803.249,7.835,10.786,0.522,0.000,19.878,20.554,20.839,19.685,17.935,17.213,13.083,16.206
3828280804.249,8.738,10.454,2.134,0.000,19.866,20.541,20.824,19.706,17.968,17.228,13.098,16.174
3828280805.249,7.962,10.464,2.157,0.000,19.884,20.531,20.829,19.756,17.992,17.209,13.122,16.166
3828280806.249,8.768,11.009,2.114,0.000,19.865,20.521,20.826,19.678,17.954,17.233,13.131,16.177
3828280807.249,7.734,10.458,2.586,0.000,19.867,20.507,20.855,19.665,18.002,17.256,13.163,16.189
3828280808.249,7.257,11.014,1.721,0.000,19.827,20.540,20.859,19.706,18.023,17.249,13.122,16.200
3828280809.245,13.676,11.694,2.347,3.131,19.899,20.503,20.851,19.654,18.010,17.251,13.185,16.177
3828280810.245,8.917,10.851,1.837,0.000,19.898,20.547,20.838,19.617,18.015,17.248,13.164,16.189
3828280811.245,6.444,10.952,2.941,0.000,19.886,20.517,20.853,19.640,18.016,17.233,13.153,16.226
3828280812.245,9.267,10.042,2.671,0.000,19.908,20.484,20.821,19.616,18.034,17.246,13.153,16.227
3828280813.245,5.390,11.208,2.795,0.000,19.919,20.473,20.807,19.621,17.989,17.274,13.212,16.225
3828280814.245,8.891,9.260,2.024,0.000,19.901,20.474,20.831,19.589,17.965,17.278,13.185,16.270
3828280815.245,7.653,11.449,4.634,0.000,19.873,20.476,20.801,19.685,17.961,17.312,13.201,16.276
3828280816.245,4.199,11.154,1.737,0.000,19.934,20.495,20.828,19.658,17.966,17.267,13.202,16.261
3828280817.245,8.198,10.493,3.082,0.000,19.930,20.488,20.802,19.581,17.975,17.286,13.223,16.288
3828280818.245,8.786,10.875,2.315,0.000,19.912,20.524,20.773,19.762,17.993,17.300,13.201,16.271
3828280819.261,8.875,10.659,1.887,3.131,19.888,20.516,20.824,19.473,17.885,17.224,13.217,16.315
3828280820.261,7.699,10.513,2.753,0.000,19.958,20.546,20.831,19.506,17.871,17.235,13.231,16.338
3828280821.261,8.319,10.406,2.571,0.000,19.964,20.548,20.821,19.612,17.868,17.264,13.215,16.310
3828280822.261,7.378,9.882,1.915,0.000,19.918,20.537,20.823,19.571,17.873,17.265,13.193,16.313
3828280823.261,7.760,10.907,1.091,0.000,19.904,20.555,20.838,19.602,17.874,17.281,13.228,16.344
3828280824.261,8.066,10.654,2.676,0.000,19.901,20.559,20.849,19.580,17.884,17.244,13.214,16.366
3828280825.261,8.230,10.372,0.275,0.000,19.886,20.586,20.855,19.488,17.871,17.257,13.209,16.382
3828280826.261,8.705,10.915,2.219,0.000,19.877,20.573,20.813,19.620,17.843,17.254,13.215,16.361
3828280827.261,8.456,10.539,2.031,0.000,19.908,20.548,20.823,19.568,17.858,17.283,13.254,16.324
3828280828.261,11.098,10.619,1.982,0.000,19.873,20.525,20.845,19.612,17.860,17.282,13.230,16.299
