3828290295.980,8.295,10.575,2.260,3.182,20.350,20.826,20.807,19.670,18.042,17.455,13.080,16.517
3828290296.980,7.451,11.158,2.016,0.000,20.326,20.816,20.820,19.709,18.034,17.483,13.049,16.516
3828290297.980,8.856,11.028,1.918,0.000,20.365,20.843,20.837,19.665,18.022,17.432,13.080,16.498
3828290298.980,7.846,10.509,2.138,0.000,20.322,20.863,20.826,19.666,18.043,17.451,13.071,16.532
3828290299.980,8.570,11.002,1.797,0.000,20.310,20.873,20.836,19.712,18.007,17.443,13.099,16.568
3828290300.980,7.846,10.602,2.194,0.000,20.316,20.891,20.810,19.675,18.013,17.468,13.105,16.579
3828290301.980,8.615,10.522,1.636,0.000,20.293,20.909,20.806,19.641,18.027,17.430,13.103,16.567
3828290302.980,8.701,10.685,1.980,0.000,20.302,20.905,20.780,19.640,18.036,17.463,13.096,16.588
3828290303.980,9.480,12.252,0.749,0.000,20.287,20.905,20.792,19.653,18.047,17.490,13.057,16.595
3828290304.980,9.614,10.634,0.273,0.000,20.288,20.904,20.813,19.649,18.064,17.438,13.092,16.552
3828290336.183,8.522,8.868,1.672,3.182,20.282,20.872,20.805,19.670,18.001,17.435,13.078,16.534
3828290337.183,9.997,10.584,1.762,0.000,20.316,20.877,20.831,19.670,18.013,17.449,13.095,16.533
3828290338.183,9.592,9.441,1.490,0.000,20.323,20.902,20.829,19.620,17.987,17.419,13.089,16.537
3828290339.183,8.181,10.630,1.828,0.000,20.286,20.925,20.794,19.714,18.007,17.433,13.114,16.544
3828290340.183,12.979,10.567,2.031,0.000,20.311,20.906,20.801,19.699,18.004,17.468,13.107,16.522
3828290341.183,7.878,10.688,3.383,0.000,20.305,20.885,20.836,19.666,18.001,17.416,13.121,16.520
3828290342.183,8.972,10.106,0.000,0.000,20.267,20.939,20.811,19.705,18.010,17.431,13.096,16.543
3828290343.183,8.356,10.042,1.774,0.000,20.327,20.922,20.797,19.658,17.995,17.425,13.150,16.526
3828290344.183,9.042,11.057,1.484,0.000,20.303,20.910,20.798,19.646,17.996,17.456,13.128,16.531
3828290345.183,11.558,10.606,2.269,0.000,20.276,20.917,20.815,19.636,18.009,17.431,13.100,16.545
3828290346.182,8.985,10.973,2.076,3.182,20.221,20.855,20.843,19.705,18.147,17.429,13.082,16.449
3828290347.182,8.720,9.557,2.462,0.000,20.230,20.895,20.833,19.710,18.103,17.432,13.101,16.496
3828290348.182,7.830,11.677,1.073,0.000,20.245,20.865,20.811,19.684,18.114,17.472,13.112,16.491
3828290349.182,11.033,10.534,2.015,0.000,20.238,20.881,20.845,19.727,18.108,17.424,13.089,16.478
3828290350.182,7.904,10.664,2.324,0.000,20.234,20.880,20.832,19.683,18.109,17.459,13.110,16.509
3828290351.182,8.040,10.936,3.033,0.000,20.214,20.861,20.861,19.673,18.129,17.439,13.098,16.445
3828290352.182,7.641,10.972,1.824,0.000,20.202,20.898,20.875,19.714,18.081,17.442,13.135,16.489
3828290353.182,8.292,10.390,3.242,0.000,20.202,20.861,20.869,19.665,18.120,17.449,13.092,16.482
3828290354.182,5.195,10.424,1.780,0.000,20.192,20.880,20.861,19.693,18.085,17.435,13.100,16.494
3828290355.182,8.015,9.412,1.418,0.000,20.246,20.901,20.885,19.602,18.089,17.415,13.156,16.473
3828290356.210,9.832,11.096,1.796,3.182,20.244,20.885,20.830,19.699,18.008,17.437,13.138,16.540
3828290357.210,5.830,11.093,1.521,0.000,20.252,20.902,20.835,19.627,17.963,17.452,13.159,16.559
3828290358.210,7.710,10.263,3.807,0.000,20.241,20.884,20.799,19.654,17.977,17.450,13.168,16.516
3828290359.210,8.280,10.684,1.925,0.000,20.235,20.867,20.825,19.660,17.996,17.425,13.175,16.493
3828290360.210,9.208,10.779,2.210,0.000,20.256,20.867,20.838,19.625,18.006,17.397,13.155,16.528
3828290361.210,8.357,10.552,1.840,0.000,20.237,20.906,20.831,19.657,17.997,17.431,13.160,16.533
3828290362.210,7.786,10.341,2.451,0.000,20.225,20.871,20.820,19.542,18.024,17.447,13.195,16.566
3828290363.210,8.820,8.118,1.338,0.000,20.205,20.867,20.808,19.571,18.027,17.461,13.163,16.548
3828290364.210,8.405,10.454,4.070,0.000,20.174,20.878,20.852,19.637,18.060,17.443,13.200,16.535
3828290365.210,8.874,10.654,3.515,0.000,20.188,20.842,20.839,19.623,18.051,17.423,13.200,16.530
3828290366.214,9.561,10.403,1.878,3.182,20.186,20.872,20.831,19.582,18.056,17.453,13.220,16.459
3828290367.214,8.201,10.518,0.000,0.000,20.175,20.836,20.787,19.570,18.067,17.464,13.198,16.506
3828290368.214,8.681,11.028,1.880,0.000,20.162,20.835,20.839,19.655,18.072,17.447,13.188,16.468
3828290369.214,8.230,11.197,1.783,0.000,20.157,20.864,20.831,19.619,18.044,17.426,13.211,16.481
3828290370.214,8.046,10.503,2.230,0.000,20.176,20.875,20.835,19.678,18.068,17.430,13.232,16.474
3828290371.214,8.857,11.347,2.549,0.000,20.163,20.861,20.774,19.650,18.072,17.485,13.245,16.494
3828290372.214,8.146,10.457,0.476,0.000,20.135,20.870,20.795,19.730,18.089,17.438,13.228,16.486
3828290373.214,8.734,9.533,3.661,0.000,20.171,20.918,20.804,19.693,18.088,17.465,13.234,16.505
3828290374.214,7.650,10.859,1.524,0.000,20.185,20.848,20.795,19.698,18.101,17.448,13.247,16.508
3828290375.214,9.496,12.490,1.183,0.000,20.151,20.855,20.783,19.718,18.113,17.473,13.235,16.521
3828290376.166,8.457,11.388,4.698,3.182,20.166,20.795,20.839,19.650,18.132,17.510,13.213,16.503
3828290377.166,8.383,10.864,1.702,0.000,20.124,20.801,20.824,19.782,18.146,17.502,13.186,16.525
3828290378.166,8.643,10.893,1.840,0.000,20.155,20.793,20.846,19.717,18.147,17.479,13.194,16.523
3828290379.166,8.765,10.592,1.205,0.000,20.161,20.813,20.833,19.687,18.131,17.481,13.192,16.517
3828290380.166,8.475,10.768,0.521,0.000,20.155,20.791,20.812,19.771,18.158,17.474,13.213,16.479
3828290381.166,8.713,10.746,1.770,0.000,20.146,20.807,20.798,19.712,18.155,17.472,13.215,16.514
3828290382.166,8.782,10.359,1.730,0.000,20.169,20.803,20.790,19.697,18.134,17.483,13.221,16.523
3828290383.166,7.315,10.940,1.802,0.000,20.152,20.817,20.809,19.688,18.136,17.505,13.215,16.516
3828290384.166,8.578,10.872,1.781,0.000,20.145,20.819,20.821,19.763,18.162,17.516,13.229,16.499
3828290385.166,8.699,8.924,1.778,0.000,20.144,20.809,20.843,19.831,18.126,17.532,13.201,16.527
3828290386.168,9.735,10.654,3.352,3.182,20.154,20.798,20.880,19.679,18.068,17.457,13.222,16.531
3828290387.168,8.867,10.669,2.918,0.000,20.189,20.826,20.872,19.619,18.024,17.424,13.214,16.565
3828290388.168,7.737,10.445,1.840,0.000,20.181,20.859,20.913,19.642,18.029,17.440,13.226,16.557
3828290389.168,9.196,11.008,2.477,0.000,20.126,20.812,20.879,19.693,17.998,17.429,13.197,16.540
3828290390.168,8.581,9.697,2.270,0.000,20.147,20.813,20.932,19.721,18.044,17.441,13.202,16.524
3828290391.168,9.774,10.810,1.929,0.000,20.154,20.798,20.913,19.733,18.006,17.433,13.208,16.507
3828290392.168,9.740,11.114,2.039,0.000,20.170,20.797,20.913,19.716,18.019,17.419,13.216,16.537
3828290393.168,9.371,10.150,1.769,0.000,20.165,20.776,20.876,19.767,18.011,17.467,13.208,16.559
3828290394.168,9.279,12.606,2.986,0.000,20.135,20.804,20.882,19.724,18.030,17.455,13.208,16.580
3828290395.168,9.885,12.435,3.038,0.000,20.124,20.790,20.908,19.775,18.064,17.468,13.247,16.608
3828290396.148,8.953,10.922,2.108,3.182,20.102,20.810,20.899,19.671,18.059,17.471,13.280,16.532
3828290397.148,3.849,11.007,0.927,0.000,20.147,20.802,20.942,19.712,18.079,17.449,13.303,16.529
3828290398.148,7.954,10.516,1.832,0.000,20.124,20.799,20.893,19.676,18.070,17.470,13.293,16.514
3828290399.148,8.477,10.813,3.416,0.000,20.128,20.807,20.896,19.757,18.089,17.495,13.317,16.523
3828290400.148,7.790,10.671,2.960,0.000,20.136,20.787,20.903,19.705,18.075,17.450,13.307,16.533
3828290401.148,4.816,11.325,2.217,0.000,20.139,20.803,20.942,19.747,18.079,17.443,13.298,16.546
3828290402.148,9.043,10.849,2.798,0.000,20.077,20.761,20.917,19.781,18.088,17.460,13.255,16.530
3828290403.148,13.840,11.298,2.093,0.000,20.145,20.749,20.937,19.791,18.065,17.477,13.272,16.562
3828290404.148,8.380,10.728,3.858,0.000,20.111,20.778,20.943,19.736,18.050,17.472,13.292,16.556
3828290405.148,8.609,10.614,5.191,0.000,20.090,20.774,20.936,19.682,18.052,17.455,13.218,16.559
3828290406.101,8.956,10.362,2.700,3.182,20.062,20.751,20.858,19.793,18.128,17.513,13.260,16.528
3828290407.101,9.419,11.095,2.775,0.000,20.108,20.809,20.863,19.772,18.094,17.506,13.247,16.559
3828290408.101,8.854,10.557,4.081,0.000,20.079,20.762,20.889,19.726,18.137,17.470,13.263,16.510
3828290409.101,7.970,10.133,3.178,0.000,20.126,20.748,20.874,19.718,18.134,17.517,13.294,16.553
3828290410.101,7.573,10.563,2.304,0.000,20.093,20.776,20.892,19.766,18.116,17.510,13.260,16.514
3828290411.101,8.916,10.522,1.685,0.000,20.080,20.819,20.883,19.740,18.130,17.526,13.296,16.526
3828290412.101,9.066,11.125,2.236,0.000,20.057,20.768,20.885,19.813,18.119,17.483,13.273,16.553
3828290413.101,4.976,10.346,2.253,0.000,20.105,20.768,20.875,19.757,18.131,17.510,13.255,16.562
3828290414.101,8.081,10.664,1.428,0.000,20.065,20.764,20.894,19.808,18.143,17.516,13.239,16.542
3828290415.101,8.247,11.213,2.797,0.000,20.099,20.799,20.873,19.783,18.122,17.527,13.283,16.540
3828290416.104,8.548,10.386,3.280,3.182,20.095,20.807,20.962,19.796,18.007,17.488,13.271,16.567
3828290417.104,8.477,10.690,2.223,0.000,20.062,20.775,20.936,19.856,18.063,17.494,13.244,16.597
3828290418.104,9.888,11.037,0.520,0.000,20.071,20.786,20.969,19.869,18.033,17.457,13.251,16.612
3828290419.104,8.434,10.902,1.809,0.000,20.079,20.781,20.952,19.823,18.062,17.482,13.219,16.581
3828290420.104,8.050,12.355,2.898,0.000,20.125,20.760,20.961,19.913,18.041,17.478,13.265,16.610
3828290421.104,9.368,10.873,2.191,0.000,20.109,20.759,20.951,19.906,18.045,17.479,13.251,16.557
3828290422.104,8.753,10.471,2.586,0.000,20.148,20.768,20.971,19.769,18.021,17.482,13.247,16.573
3828290423.104,8.094,10.627,2.126,0.000,20.098,20.743,20.983,19.784,18.111,17.464,13.267,16.584
3828290424.104,8.800,10.669,1.827,0.000,20.102,20.739,20.962,19.766,18.111,17.512,13.281,16.567
3828290425.104,14.780,10.503,2.277,0.000,20.120,20.739,20.969,19.726,18.067,17.493,13.309,16.543
3828290426.131,8.223,10.215,0.000,3.182,20.074,20.749,20.943,19.776,18.201,17.566,13.267,16.535
3828290427.131,9.368,11.000,2.416,0.000,20.095,20.766,20.926,19.707,18.168,17.511,13.271,16.550
3828290428.131,8.879,11.762,2.325,0.000,20.067,20.737,20.942,19.760,18.156,17.528,13.270,16.520
3828290429.131,7.663,10.273,2.470,0.000,20.105,20.680,20.992,19.772,18.170,17.525,13.246,16.540
3828290430.131,8.467,10.913,5.339,0.000,20.072,20.648,20.998,19.750,18.234,17.504,13.279,16.513
3828290431.131,8.114,10.455,3.334,0.000,20.054,20.685,20.977,19.804,18.251,17.518,13.254,16.520
3828290432.131,14.537,10.746,2.335,0.000,20.078,20.653,20.967,19.773,18.245,17.505,13.274,16.464
3828290433.131,9.054,11.041,1.109,0.000,20.055,20.700,20.988,19.763,18.213,17.516,13.259,16.416
3828290434.131,3.978,10.878,1.850,0.000,20.032,20.733,20.967,19.811,18.273,17.506,13.270,16.460
3828290435.131,7.785,10.909,1.905,0.000,20.024,20.711,20.964,19.832,18.248,17.515,13.267,16.496
3828290436.134,9.872,10.530,0.919,3.182,20.071,20.687,20.975,19.783,18.242,17.512,13.237,16.531
3828290437.134,7.941,10.649,0.000,0.000,20.060,20.692,20.999,19.796,18.287,17.539,13.276,16.509
3828290438.134,8.761,10.717,2.517,0.000,20.065,20.727,20.982,19.773,18.254,17.532,13.259,16.518
3828290439.134,9.891,10.642,3.312,0.000,20.057,20.703,20.971,19.863,18.246,17.514,13.300,16.468
3828290440.134,8.359,10.747,1.695,0.000,20.050,20.720,20.970,19.825,18.241,17.530,13.285,16.432
3828290441.134,5.732,10.833,2.363,0.000,20.042,20.717,20.978,19.838,18.240,17.534,13.282,16.457
3828290442.134,8.800,10.668,3.271,0.000,20.044,20.732,20.976,19.824,18.255,17.519,13.277,16.487
3828290443.134,9.889,10.772,0.000,0.000,19.999,20.738,20.978,19.826,18.252,17.494,13.285,16.482
3828290444.134,7.968,10.317,2.366,0.000,19.986,20.705,20.971,19.862,18.232,17.514,13.273,16.522
3828290445.134,8.190,10.417,2.389,0.000,20.019,20.707,20.980,19.824,18.243,17.496,13.290,16.488
3828290446.166,7.926,10.245,2.849,3.182,20.024,20.744,20.964,19.886,18.209,17.516,13.265,16.504
3828290447.166,9.776,10.342,2.439,0.000,20.065,20.723,20.980,19.855,18.222,17.532,13.288,16.495
3828290448.166,7.800,10.483,1.652,0.000,20.024,20.755,20.978,19.926,18.231,17.517,13.253,16.506
3828290449.166,10.811,10.829,2.011,0.000,20.037,20.731,20.978,19.871,18.215,17.525,13.251,16.535
3828290450.166,8.432,10.771,2.229,0.000,20.045,20.700,20.987,19.829,18.244,17.526,13.232,16.521
3828290451.166,8.160,10.734,2.325,0.000,20.014,20.715,20.992,19.855,18.231,17.535,13.205,16.533
3828290452.166,8.177,10.600,0.000,0.000,20.002,20.722,21.013,19.833,18.220,17.489,13.190,16.542
3828290453.166,8.320,11.008,0.657,0.000,20.033,20.736,20.979,19.878,18.201,17.523,13.230,16.526
3828290454.166,7.090,10.439,0.000,0.000,20.066,20.737,21.002,19.821,18.208,17.537,13.256,16.536
3828290455.166,7.271,11.927,2.627,0.000,20.031,20.706,21.015,19.753,18.231,17.528,13.213,16.517
3828290456.116,9.810,10.717,0.657,3.182,20.009,20.763,21.019,19.960,18.137,17.505,13.255,16.556
3828290457.116,9.862,10.466,1.382,0.000,20.045,20.740,21.006,19.844,18.142,17.471,13.270,16.531
3828290458.116,10.023,11.091,3.531,0.000,20.055,20.757,21.024,19.927,18.151,17.477,13.280,16.577
3828290459.116,9.188,12.233,3.762,0.000,20.040,20.781,21.033,19.861,18.115,17.502,13.284,16.576
3828290460.116,8.933,10.791,1.770,0.000,20.076,20.749,21.020,19.806,18.144,17.509,13.296,16.581
3828290461.116,7.730,10.514,3.581,0.000,20.039,20.779,21.004,19.762,18.138,17.518,13.298,16.568
3828290462.116,8.660,10.366,2.492,0.000,20.049,20.761,20.992,19.958,18.140,17.494,13.294,16.547
3828290463.116,7.701,10.938,1.813,0.000,20.076,20.716,21.037,19.896,18.170,17.498,13.295,16.543
3828290464.116,10.564,10.086,1.838,0.000,20.025,20.735,21.007,19.863,18.160,17.502,13.280,16.519
3828290465.116,8.819,10.764,1.789,0.000,20.045,20.740,21.017,19.865,18.129,17.510,13.260,16.547
3828290466.119,7.755,10.620,1.036,3.182,20.032,20.709,21.043,19.783,18.209,17.518,13.257,16.536
3828290467.119,9.443,11.073,1.201,0.000,20.072,20.718,21.003,19.851,18.189,17.534,13.280,16.556
3828290468.119,7.013,11.388,5.251,0.000,20.060,20.697,21.018,19.893,18.213,17.560,13.282,16.529
3828290469.119,8.846,10.841,2.886,0.000,20.029,20.693,21.025,19.840,18.228,17.534,13.220,16.527
3828290470.119,8.315,10.815,1.822,0.000,20.033,20.718,21.024,19.835,18.215,17.560,13.209,16.548
3828290471.119,8.864,10.747,0.000,0.000,20.029,20.712,21.008,19.817,18.228,17.541,13.219,16.538
3828290472.119,8.743,10.519,1.745,0.000,19.994,20.714,21.002,19.853,18.244,17.524,13.241,16.540
3828290473.119,7.861,11.673,3.823,0.000,20.003,20.709,21.024,19.867,18.225,17.527,13.244,16.588
3828290474.119,9.141,12.222,3.647,0.000,20.058,20.732,20.991,19.866,18.267,17.545,13.295,16.525
3828290475.119,9.957,11.103,2.481,0.000,20.070,20.679,20.997,19.877,18.262,17.551,13.264,16.510
3828290476.134,9.636,10.563,2.454,3.182,20.021,20.691,21.007,19.912,18.240,17.532,13.272,16.483
3828290477.134,7.765,10.623,2.708,0.000,20.023,20.707,20.969,19.845,18.238,17.541,13.322,16.517
3828290478.134,7.813,10.476,2.693,0.000,19.978,20.680,20.997,19.900,18.242,17.566,13.294,16.532
3828290479.134,7.987,12.119,2.649,0.000,20.007,20.719,21.004,19.843,18.251,17.543,13.289,16.536
3828290480.134,7.953,10.921,5.318,0.000,19.992,20.716,20.984,19.848,18.274,17.539,13.321,16.529
3828290481.134,8.420,10.057,2.929,0.000,20.021,20.707,20.996,19.884,18.297,17.572,13.291,16.506
3828290482.134,8.512,10.204,1.650,0.000,19.965,20.699,20.976,19.877,18.295,17.528,13.288,16.533
3828290483.134,8.054,10.935,1.734,0.000,19.992,20.741,20.992,19.884,18.270,17.529,13.309,16.552
3828290484.134,7.454,11.719,3.030,0.000,19.986,20.728,20.973,19.907,18.303,17.551,13.336,16.539
3828290485.134,7.760,10.570,2.716,0.000,20.007,20.724,21.001,19.832,18.317,17.552,13.283,16.510
3828290486.135,9.044,10.895,2.246,3.182,20.057,20.687,21.033,19.796,18.304,17.563,13.306,16.575
3828290487.135,8.737,10.733,2.670,0.000,20.075,20.718,21.001,19.752,18.281,17.560,13.320,16.564
3828290488.135,8.232,11.269,1.975,0.000,20.053,20.693,20.985,19.740,18.301,17.532,13.334,16.571
3828290489.135,9.020,10.875,2.396,0.000,20.067,20.720,21.022,19.762,18.296,17.546,13.312,16.587
3828290490.135,9.394,10.557,2.472,0.000,20.078,20.725,21.006,19.721,18.312,17.547,13.341,16.559
3828290491.135,8.629,12.763,1.697,0.000,20.066,20.705,20.972,19.814,18.349,17.558,13.336,16.527
3828290492.135,7.596,10.559,3.279,0.000,20.057,20.689,20.999,19.754,18.325,17.546,13.327,16.574
3828290493.135,8.329,10.541,2.699,0.000,20.041,20.686,21.012,19.813,18.317,17.535,13.345,16.539
3828290494.135,7.613,10.865,0.764,0.000,20.065,20.723,21.010,19.797,18.293,17.537,13.322,16.532
3828290495.135,6.065,11.432,1.736,0.000,20.047,20.686,20.996,19.800,18.293,17.563,13.334,16.513
3828290496.150,9.066,11.327,1.856,3.182,20.067,20.711,20.965,19.929,18.232,17.591,13.316,16.594
3828290497.150,9.020,11.711,2.523,0.000,20.069,20.684,20.963,19.905,18.259,17.608,13.326,16.581
3828290498.150,7.861,10.421,1.660,0.000,20.065,20.710,21.016,19.893,18.247,17.589,13.327,16.630
3828290499.150,8.944,10.966,2.392,0.000,20.068,20.698,21.001,19.821,18.250,17.616,13.340,16.613
3828290500.150,7.566,12.073,1.114,0.000,20.075,20.685,20.967,19.854,18.262,17.623,13.324,16.589
3828290501.150,7.714,10.741,1.156,0.000,20.064,20.694,20.971,19.966,18.276,17.611,13.325,16.608
3828290502.150,9.080,11.036,2.166,0.000,20.065,20.710,20.994,19.859,18.226,17.605,13.354,16.596
3828290503.150,9.889,10.798,1.942,0.000,20.080,20.719,20.971,19.869,18.260,17.615,13.335,16.618
3828290504.150,7.910,10.957,1.556,0.000,20.040,20.694,20.970,19.857,18.253,17.621,13.315,16.576
3828290505.150,8.195,10.398,2.006,0.000,20.074,20.731,20.991,19.787,18.223,17.609,13.324,16.595
3828290506.180,7.513,10.726,4.788,3.182,20.025,20.742,21.018,19.887,18.234,17.537,13.266,16.579
3828290507.180,7.749,10.223,3.817,0.000,20.026,20.716,21.001,19.833,18.246,17.572,13.288,16.582
3828290508.180,8.678,10.936,2.207,0.000,20.009,20.706,21.025,19.861,18.256,17.557,13.265,16.584
3828290509.180,8.649,10.909,2.510,0.000,20.022,20.733,20.982,19.778,18.252,17.571,13.278,16.586
3828290510.180,9.589,11.158,2.556,0.000,20.000,20.711,21.004,19.852,18.245,17.556,13.249,16.580
3828290511.180,8.535,10.322,3.926,0.000,20.047,20.740,20.996,19.850,18.242,17.597,13.301,16.570
3828290512.180,8.245,10.181,0.000,0.000,20.016,20.760,21.010,19.805,18.257,17.566,13.273,16.584
3828290513.180,8.357,10.509,2.518,0.000,20.011,20.769,20.990,19.801,18.253,17.590,13.299,16.577
3828290514.180,7.981,10.817,1.461,0.000,19.992,20.758,21.004,19.892,18.270,17.575,13.257,16.584
3828290515.180,7.862,10.872,1.151,0.000,20.044,20.770,21.013,19.927,18.217,17.574,13.330,16.563
3828290516.152,9.000,10.524,2.292,3.182,20.070,20.760,20.973,19.774,18.308,17.574,13.373,16.576
3828290517.152,8.391,9.966,1.963,0.000,20.039,20.748,20.995,19.804,18.310,17.561,13.338,16.566
3828290518.152,10.058,10.598,0.863,0.000,20.051,20.754,20.997,19.770,18.313,17.585,13.359,16.572
3828290519.152,9.483,9.848,1.834,0.000,20.048,20.719,21.019,19.735,18.321,17.540,13.352,16.549
3828290520.152,8.561,10.220,3.422,0.000,20.070,20.722,20.992,19.694,18.330,17.559,13.394,16.555
3828290521.152,7.862,10.675,2.557,0.000,20.042,20.735,21.009,19.819,18.318,17.527,13.378,16.561
3828290522.152,8.994,11.692,3.577,0.000,20.051,20.686,20.998,19.870,18.356,17.567,13.339,16.522
3828290523.152,8.344,10.050,1.466,0.000,20.062,20.703,21.011,19.793,18.308,17.561,13.377,16.566
3828290524.152,8.226,10.542,1.824,0.000,20.062,20.706,21.007,19.759,18.317,17.554,13.353,16.539
3828290525.152,8.676,10.827,2.005,0.000,20.045,20.725,21.014,19.882,18.280,17.556,13.372,16.522
3828290526.165,10.141,10.517,1.980,3.182,20.074,20.751,20.997,19.848,18.204,17.558,13.371,16.603
3828290527.165,8.782,10.788,1.870,0.000,20.056,20.739,20.988,19.810,18.197,17.567,13.367,16.609
3828290528.165,8.236,10.589,2.634,0.000,20.077,20.759,20.982,19.952,18.225,17.550,13.394,16.605
3828290529.165,9.019,10.809,1.944,0.000,20.076,20.768,20.949,19.897,18.218,17.562,13.410,16.612
3828290530.165,7.480,10.867,1.493,0.000,20.068,20.763,20.899,19.883,18.226,17.592,13.405,16.622
3828290531.165,7.574,10.167,3.265,0.000,20.079,20.775,20.915,19.880,18.226,17.585,13.379,16.628
3828290532.165,8.873,11.347,3.280,0.000,20.050,20.768,20.958,19.857,18.251,17.628,13.373,16.637
3828290533.165,5.583,11.317,1.080,0.000,20.091,20.761,20.987,19.899,18.237,17.658,13.399,16.614
3828290534.165,7.579,10.981,1.707,0.000,20.072,20.778,20.972,19.879,18.235,17.617,13.373,16.622
3828290535.165,9.568,10.596,2.352,0.000,20.048,20.757,20.940,19.853,18.232,17.593,13.376,16.610
3828290536.194,8.737,10.732,1.730,3.182,20.059,20.722,21.013,19.888,18.254,17.555,13.361,16.567
3828290537.194,8.546,12.163,2.778,0.000,20.032,20.731,21.003,19.844,18.235,17.555,13.350,16.576
3828290538.194,8.775,11.025,2.540,0.000,20.053,20.693,21.039,19.859,18.218,17.544,13.352,16.625
3828290539.194,4.110,10.802,1.708,0.000,20.077,20.709,21.094,19.804,18.211,17.543,13.378,16.602
3828290540.194,9.670,10.935,2.177,0.000,20.062,20.719,21.021,19.787,18.208,17.513,13.391,16.574
3828290541.194,7.828,10.893,1.430,0.000,20.053,20.756,20.991,19.835,18.205,17.498,13.365,16.585
3828290542.194,7.848,10.688,3.231,0.000,20.062,20.739,21.032,19.801,18.199,17.534,13.356,16.591
3828290543.194,8.750,10.902,2.103,0.000,20.071,20.761,21.022,19.855,18.193,17.526,13.391,16.586
3828290544.194,10.085,10.882,0.642,0.000,20.017,20.804,20.985,19.868,18.192,17.535,13.410,16.591
3828290545.194,7.961,10.599,2.388,0.000,20.036,20.820,21.013,19.923,18.176,17.554,13.364,16.633
3828290546.150,7.920,11.184,3.064,3.182,20.048,20.768,21.002,19.824,18.200,17.519,13.395,16.621
3828290547.150,6.989,11.278,2.050,0.000,20.051,20.821,21.021,19.798,18.190,17.506,13.399,16.646
3828290548.150,11.372,10.980,2.089,0.000,20.036,20.782,21.010,19.838,18.139,17.570,13.394,16.628
3828290549.150,9.106,12.339,3.622,0.000,20.072,20.759,20.992,19.849,18.099,17.599,13.394,16.659
3828290550.150,7.903,10.885,2.791,0.000,20.086,20.749,20.996,19.897,18.128,17.603,13.423,16.635
3828290551.150,7.936,10.182,0.000,0.000,20.056,20.771,20.989,19.820,18.148,17.555,13.405,16.663
3828290552.150,8.948,10.753,1.854,0.000,20.091,20.772,20.992,19.824,18.172,17.574,13.378,16.694
3828290553.150,9.591,10.849,1.528,0.000,20.106,20.756,21.006,19.808,18.129,17.567,13.423,16.698
3828290554.150,5.478,10.634,5.229,0.000,20.127,20.774,21.007,19.787,18.136,17.561,13.431,16.665
3828290555.150,9.048,10.812,2.361,0.000,20.132,20.763,20.986,19.829,18.152,17.600,13.426,16.676
3828290556.183,8.816,10.660,2.908,3.182,20.038,20.777,21.018,19.823,18.208,17.529,13.408,16.615
3828290557.183,8.765,9.920,3.518,0.000,20.051,20.780,20.992,19.769,18.175,17.494,13.453,16.633
3828290558.183,7.758,10.929,1.454,0.000,20.071,20.824,21.009,19.851,18.195,17.551,13.426,16.599
3828290559.183,8.371,10.829,0.989,0.000,20.061,20.816,20.997,19.830,18.183,17.559,13.402,16.626
3828290560.183,7.552,11.236,2.102,0.000,20.063,20.792,20.959,19.773,18.140,17.579,13.414,16.635
3828290561.183,8.588,10.804,3.739,0.000,20.034,20.796,21.020,19.783,18.127,17.568,13.411,16.630
3828290562.183,8.838,10.895,1.925,0.000,20.065,20.804,21.018,19.712,18.147,17.573,13.443,16.701
3828290563.183,8.014,10.691,2.854,0.000,20.098,20.753,21.001,19.739,18.176,17.584,13.436,16.709
3828290564.183,8.275,10.524,1.660,0.000,20.107,20.755,21.015,19.763,18.135,17.569,13.441,16.710
3828290565.183,7.928,12.280,2.556,0.000,20.124,20.768,21.023,19.747,18.148,17.586,13.454,16.644
3828290566.195,3.804,10.904,1.635,3.182,20.054,20.727,20.998,19.876,18.116,17.570,13.436,16.664
3828290567.195,8.176,10.422,2.538,0.000,20.086,20.774,21.026,19.777,18.150,17.557,13.461,16.713
3828290568.195,8.718,10.931,4.024,0.000,20.100,20.738,20.998,19.906,18.167,17.595,13.442,16.721
3828290569.195,9.486,11.198,2.107,0.000,20.080,20.743,20.989,19.941,18.134,17.600,13.448,16.681
3828290570.195,7.870,10.055,0.000,0.000,20.160,20.742,20.997,19.821,18.129,17.564,13.453,16.682
3828290571.195,9.893,10.686,1.715,0.000,20.108,20.756,20.978,19.856,18.171,17.573,13.440,16.715
3828290572.195,7.952,10.540,2.336,0.000,20.113,20.761,21.026,19.834,18.163,17.582,13.490,16.681
3828290573.195,7.772,10.343,1.997,0.000,20.094,20.735,21.005,19.875,18.201,17.567,13.502,16.646
3828290574.195,8.816,10.840,2.079,0.000,20.129,20.761,21.003,19.831,18.222,17.549,13.544,16.699
3828290575.195,10.102,10.792,1.951,0.000,20.114,20.739,20.985,19.862,18.209,17.580,13.550,16.668
3828290576.228,8.874,10.783,1.903,3.182,20.064,20.778,20.949,19.692,18.253,17.580,13.511,16.673
3828290577.228,9.130,10.680,1.793,0.000,20.037,20.789,20.935,19.799,18.229,17.661,13.480,16.666
3828290578.228,8.917,11.984,2.445,0.000,20.058,20.760,20.967,19.734,18.278,17.659,13.468,16.651
3828290579.228,8.329,10.900,1.746,0.000,20.057,20.764,20.979,19.729,18.295,17.665,13.482,16.647
3828290580.228,8.239,11.634,1.962,0.000,20.053,20.752,20.953,19.751,18.287,17.626,13.482,16.652
3828290581.228,9.199,10.943,2.095,0.000,20.051,20.716,20.935,19.830,18.293,17.632,13.480,16.633
3828290582.228,8.983,10.821,2.416,0.000,20.069,20.715,20.977,19.863,18.328,17.645,13.536,16.612
3828290583.228,8.564,9.957,1.592,0.000,20.067,20.651,20.988,19.819,18.277,17.660,13.483,16.639
3828290584.228,8.902,10.626,2.920,0.000,20.068,20.651,20.953,19.733,18.313,17.652,13.508,16.641
3828290585.228,9.027,10.966,2.338,0.000,20.067,20.661,20.977,19.820,18.332,17.599,13.515,16.626
3828290586.261,8.591,10.873,2.750,3.182,20.077,20.750,20.963,19.807,18.252,17.654,13.529,16.678
3828290587.261,8.880,11.222,0.545,0.000,20.089,20.733,20.966,19.764,18.277,17.628,13.501,16.676
3828290588.261,9.761,11.515,1.497,0.000,20.101,20.729,20.974,19.797,18.266,17.617,13.510,16.669
3828290589.261,8.564,8.785,2.019,0.000,20.072,20.723,20.986,19.795,18.262,17.645,13.538,16.699
3828290590.261,7.665,10.972,1.721,0.000,20.092,20.688,20.987,19.797,18.273,17.654,13.554,16.702
3828290591.261,9.291,10.996,2.167,0.000,20.068,20.694,20.969,19.782,18.262,17.674,13.538,16.642
3828290592.261,8.839,10.844,2.670,0.000,20.101,20.669,21.005,19.787,18.282,17.642,13.537,16.661
3828290593.261,8.809,10.261,2.912,0.000,20.082,20.677,20.997,19.791,18.283,17.646,13.555,16.675
3828290594.261,8.069,10.074,2.070,0.000,20.112,20.679,21.009,19.814,18.302,17.646,13.558,16.654
3828290595.261,7.203,11.603,1.101,0.000,20.072,20.689,21.009,19.823,18.308,17.644,13.554,16.681
3828290596.227,5.919,10.390,0.000,3.182,20.026,20.737,21.025,19.887,18.357,17.601,13.559,16.608
3828290597.227,11.132,10.631,2.093,0.000,20.009,20.750,21.011,19.985,18.340,17.620,13.521,16.636
3828290598.227,9.081,10.927,1.483,0.000,20.007,20.737,20.994,19.930,18.363,17.585,13.550,16.643
3828290599.227,8.920,10.859,2.240,0.000,20.011,20.747,20.979,19.826,18.341,17.628,13.536,16.652
3828290600.227,7.927,10.939,0.392,0.000,19.997,20.737,20.996,19.957,18.353,17.619,13.550,16.635
3828290601.227,7.778,10.948,0.938,0.000,20.012,20.717,21.011,19.951,18.351,17.617,13.563,16.634
3828290602.227,8.584,9.846,3.286,0.000,19.980,20.724,20.962,19.862,18.346,17.636,13.539,16.644
3828290603.227,8.823,10.798,3.068,0.000,20.006,20.710,20.983,19.962,18.328,17.625,13.532,16.606
3828290604.227,8.307,10.799,1.201,0.000,20.034,20.719,20.991,19.841,18.344,17.621,13.531,16.588
3828290605.227,7.928,10.963,2.524,0.000,20.004,20.733,21.004,19.971,18.325,17.633,13.536,16.637
3828290606.245,7.702,9.233,1.696,3.182,20.065,20.704,21.027,19.815,18.332,17.616,13.566,16.615
3828290607.245,8.664,10.753,1.810,0.000,20.060,20.713,20.988,19.771,18.345,17.630,13.566,16.611
3828290608.245,8.743,10.617,1.871,0.000,20.051,20.703,20.994,19.850,18.316,17.638,13.584,16.621
3828290609.245,8.121,11.051,1.865,0.000,20.091,20.705,20.987,19.864,18.348,17.651,13.604,16.587
3828290610.245,8.526,10.067,2.393,0.000,20.070,20.745,20.975,19.764,18.340,17.664,13.607,16.600
3828290611.245,9.186,10.434,2.486,0.000,20.088,20.714,20.990,19.815,18.352,17.643,13.601,16.610
3828290612.245,9.315,12.237,1.458,0.000,20.049,20.737,20.990,19.779,18.345,17.632,13.593,16.594
3828290613.245,7.859,10.225,3.324,0.000,20.022,20.761,20.968,19.813,18.347,17.638,13.591,16.600
3828290614.245,7.575,10.691,0.000,0.000,20.007,20.754,21.003,19.865,18.338,17.639,13.580,16.606
3828290615.245,8.732,10.935,2.001,0.000,20.008,20.770,20.993,19.716,18.355,17.626,13.588,16.639
3828290616.193,7.353,10.819,0.714,5.000,20.068,20.797,21.003,19.938,18.225,17.643,13.612,16.702
3828290617.193,8.214,10.505,3.381,0.000,20.050,20.783,21.021,19.806,18.247,17.580,13.579,16.684
3828290618.193,10.051,10.431,1.030,0.000,20.056,20.810,20.990,19.859,18.209,17.610,13.590,16.694
3828290619.193,8.205,10.709,0.000,0.000,20.082,20.822,21.006,19.934,18.195,17.585,13.608,16.702
3828290620.193,9.877,11.020,1.915,0.000,20.087,20.802,20.978,19.849,18.209,17.599,13.615,16.701
3828290621.193,7.666,10.887,4.920,0.000,20.062,20.777,20.985,19.846,18.224,17.639,13.605,16.670
3828290622.193,8.240,10.411,4.518,0.000,20.049,20.793,20.978,19.861,18.187,17.658,13.611,16.673
3828290623.193,8.732,10.008,3.089,0.000,20.044,20.783,20.985,19.900,18.170,17.627,13.623,16.719
3828290624.193,8.898,10.827,2.977,0.000,20.069,20.802,21.026,19.914,18.164,17.624,13.628,16.712
3828290625.193,8.977,10.796,3.174,0.000,20.038,20.792,21.014,19.838,18.151,17.611,13.627,16.747
3828290626.149,5.407,11.337,2.588,5.000,20.070,20.772,21.018,19.928,18.230,17.619,13.649,16.687
3828290627.149,7.709,11.049,1.212,0.000,20.089,20.750,20.986,19.942,18.248,17.631,13.616,16.722
3828290628.149,8.705,11.567,2.030,0.000,20.049,20.811,20.983,19.938,18.242,17.605,13.643,16.708
3828290629.149,8.009,10.231,5.166,0.000,20.033,20.856,20.986,19.907,18.231,17.619,13.627,16.680
3828290630.149,8.306,10.537,1.350,0.000,20.079,20.915,20.977,19.954,18.214,17.620,13.633,16.736
3828290631.149,9.027,10.585,1.926,0.000,20.047,20.907,21.011,19.847,18.245,17.594,13.623,16.690
3828290632.149,13.449,10.771,2.234,0.000,20.076,20.908,20.999,19.978,18.213,17.659,13.662,16.730
3828290633.149,8.225,10.830,1.818,0.000,20.040,20.950,21.005,19.967,18.209,17.622,13.639,16.737
3828290634.149,11.796,10.422,2.155,0.000,20.110,20.910,20.960,19.921,18.222,17.642,13.673,16.698
3828290635.149,9.455,9.984,1.893,0.000,20.063,20.941,21.016,19.874,18.182,17.628,13.648,16.762
3828290636.168,7.831,10.777,4.428,5.000,20.056,20.968,21.001,19.766,18.188,17.682,13.623,16.791
3828290637.168,7.859,10.725,3.244,0.000,20.067,20.972,20.987,19.825,18.220,17.641,13.641,16.815
3828290638.168,9.504,12.782,3.287,0.000,20.093,21.015,20.982,19.838,18.171,17.674,13.693,16.838
3828290639.168,7.850,9.287,3.850,0.000,20.102,21.000,21.009,19.826,18.209,17.648,13.658,16.805
3828290640.168,8.058,10.798,0.500,0.000,20.113,21.026,20.967,19.814,18.201,17.663,13.673,16.799
3828290641.168,9.067,10.917,2.525,0.000,20.107,21.051,21.017,19.784,18.170,17.664,13.659,16.775
3828290642.168,11.478,10.565,2.449,0.000,20.131,21.050,21.009,19.788,18.201,17.668,13.667,16.752
3828290643.168,8.945,10.681,1.722,0.000,20.125,21.060,21.038,19.789,18.187,17.639,13.684,16.765
3828290644.168,8.253,10.515,0.000,0.000,20.131,21.102,20.999,19.777,18.217,17.665,13.664,16.767
3828290645.168,8.891,10.977,3.038,0.000,20.109,21.166,21.015,19.728,18.207,17.633,13.706,16.794
3828290646.240,9.096,10.647,2.898,5.000,20.056,21.098,20.999,19.870,18.213,17.630,13.697,16.750
3828290647.240,9.014,10.746,1.355,0.000,20.087,21.129,20.997,19.826,18.198,17.670,13.721,16.743
3828290648.240,8.027,10.208,3.896,0.000,20.085,21.120,21.019,19.858,18.189,17.637,13.681,16.776
3828290649.240,9.176,9.069,2.110,0.000,20.057,21.111,20.999,19.871,18.193,17.642,13.695,16.758
3828290650.240,10.145,11.486,2.174,0.000,20.108,21.163,21.000,19.834,18.175,17.633,13.738,16.784
3828290651.240,9.875,10.891,1.908,0.000,20.070,21.187,20.994,19.894,18.171,17.646,13.700,16.783
3828290652.240,8.450,10.512,3.611,0.000,20.068,21.214,21.022,19.852,18.213,17.656,13.695,16.760
3828290653.240,9.350,11.157,2.468,0.000,20.078,21.231,20.988,19.817,18.180,17.695,13.719,16.809
3828290654.240,7.717,10.683,4.964,0.000,20.076,21.255,21.019,19.808,18.185,17.666,13.698,16.807
3828290655.240,9.148,11.814,3.670,0.000,20.037,21.243,21.000,19.905,18.182,17.666,13.710,16.780
3828290656.303,9.455,10.735,5.358,5.000,20.086,21.311,20.959,19.939,18.332,17.710,13.712,16.767
3828290657.303,8.782,10.611,2.550,0.000,20.070,21.286,20.956,19.898,18.341,17.714,13.722,16.764
3828290658.303,10.032,10.909,0.989,0.000,20.083,21.343,20.982,19.927,18.342,17.734,13.745,16.728
3828290659.303,7.656,11.086,2.684,0.000,20.107,21.350,20.989,19.894,18.340,17.760,13.758,16.753
3828290660.303,7.152,10.328,0.000,0.000,20.104,21.360,20.982,19.958,18.332,17.749,13.727,16.770
3828290661.303,8.320,10.247,1.582,0.000,20.104,21.326,20.967,19.924,18.349,17.782,13.740,16.751
3828290662.303,8.952,10.916,1.983,0.000,20.097,21.319,20.956,19.945,18.326,17.764,13.770,16.757
3828290663.303,8.314,9.259,5.500,0.000,20.109,21.373,20.947,19.816,18.314,17.721,13.741,16.765
3828290664.303,7.565,10.501,2.568,0.000,20.084,21.399,20.968,19.890,18.301,17.714,13.770,16.793
3828290665.303,7.906,10.432,4.044,0.000,20.059,21.425,20.942,19.951,18.344,17.699,13.785,16.798
3828290666.302,8.790,8.872,2.096,5.000,20.089,21.345,20.985,19.844,18.441,17.697,13.759,16.776
3828290667.302,7.976,11.150,1.548,0.000,20.088,21.370,21.000,19.848,18.382,17.721,13.772,16.758
3828290668.302,8.085,10.381,2.729,0.000,20.095,21.374,20.987,19.854,18.372,17.731,13.764,16.814
3828290669.302,8.005,9.802,1.701,0.000,20.083,21.341,21.036,19.903,18.363,17.711,13.780,16.782
3828290670.302,8.772,10.760,2.135,0.000,20.071,21.374,21.030,19.885,18.370,17.733,13.762,16.802
3828290671.302,9.703,10.477,1.240,0.000,20.087,21.403,21.036,19.902,18.353,17.734,13.760,16.789
3828290672.302,7.811,10.303,2.573,0.000,20.069,21.407,21.039,19.874,18.355,17.718,13.773,16.800
3828290673.302,7.898,10.596,3.015,0.000,20.080,21.438,21.001,19.849,18.379,17.731,13.773,16.779
3828290674.302,9.014,11.044,2.271,0.000,20.094,21.453,21.020,19.908,18.381,17.760,13.777,16.790
3828290675.302,8.497,11.417,3.861,0.000,20.102,21.482,20.991,19.882,18.374,17.800,13.762,16.790
3828290676.272,7.979,10.428,2.648,5.000,20.034,21.474,21.072,19.921,18.415,17.692,13.777,16.744
3828290677.272,8.459,9.875,2.977,0.000,20.018,21.479,21.076,19.897,18.403,17.704,13.786,16.747
3828290678.272,8.886,10.241,1.669,0.000,19.991,21.482,21.086,19.912,18.433,17.724,13.766,16.748
3828290679.272,8.137,10.554,1.749,0.000,20.005,21.467,21.079,19.923,18.453,17.733,13.787,16.735
3828290680.272,8.123,10.570,0.000,0.000,19.989,21.484,21.061,19.908,18.428,17.745,13.787,16.771
3828290681.272,8.820,10.364,2.370,0.000,20.038,21.537,21.062,19.900,18.436,17.744,13.821,16.775
3828290682.272,9.059,9.885,2.396,0.000,20.030,21.533,21.095,19.985,18.446,17.727,13.796,16.751
3828290683.272,7.740,11.233,1.691,0.000,20.037,21.553,21.081,19.953,18.442,17.739,13.827,16.737
3828290684.272,5.634,11.363,2.149,0.000,20.033,21.527,21.108,19.891,18.410,17.713,13.795,16.718
3828290685.272,7.726,10.226,5.226,0.000,20.049,21.524,21.074,19.972,18.436,17.740,13.794,16.724
3828290686.300,7.962,10.801,2.412,5.000,20.102,21.566,21.048,19.880,18.365,17.771,13.815,16.815
3828290687.300,10.247,10.693,2.618,0.000,20.086,21.580,20.993,19.937,18.350,17.772,13.822,16.830
3828290688.300,8.215,10.427,2.223,0.000,20.078,21.581,21.026,19.940,18.362,17.725,13.863,16.821
3828290689.300,9.495,10.611,2.323,0.000,20.097,21.591,21.012,19.913,18.324,17.746,13.848,16.876
3828290690.300,8.986,10.352,2.231,0.000,20.097,21.588,21.017,20.006,18.358,17.759,13.894,16.827
3828290691.300,8.212,10.637,1.815,0.000,20.075,21.643,21.017,19.904,18.349,17.771,13.879,16.824
3828290692.300,8.854,10.922,1.938,0.000,20.092,21.650,21.064,19.928,18.327,17.737,13.876,16.830
3828290693.300,7.631,10.327,2.484,0.000,20.108,21.635,21.050,19.923,18.351,17.775,13.853,16.812
3828290694.300,9.007,11.037,2.108,0.000,20.115,21.615,21.070,19.892,18.339,17.740,13.876,16.822
3828290695.300,7.911,10.935,1.309,0.000,20.076,21.644,21.081,19.946,18.337,17.763,13.830,16.833
3828290696.279,8.482,12.225,2.582,5.000,20.041,21.595,21.129,19.989,18.395,17.757,13.775,16.826
3828290697.279,9.919,11.304,1.387,0.000,20.057,21.558,21.150,19.962,18.404,17.742,13.766,16.791
3828290698.279,8.927,10.917,2.265,0.000,20.017,21.582,21.120,19.985,18.414,17.764,13.767,16.826
3828290699.279,8.155,10.766,2.645,0.000,20.024,21.597,21.150,19.986,18.442,17.752,13.776,16.801
3828290700.279,8.725,10.918,1.893,0.000,20.063,21.610,21.152,19.912,18.438,17.796,13.773,16.801
3828290701.279,8.252,10.530,2.030,0.000,20.047,21.654,21.167,20.067,18.393,17.773,13.757,16.839
3828290702.279,8.863,10.402,1.972,0.000,20.060,21.601,21.173,19.983,18.407,17.740,13.783,16.833
3828290703.279,8.671,8.827,2.119,0.000,20.065,21.608,21.207,20.021,18.431,17.774,13.798,16.825
3828290704.279,7.993,10.783,0.754,0.000,20.054,21.590,21.159,19.907,18.413,17.781,13.750,16.817
3828290705.279,9.270,9.641,2.296,0.000,20.090,21.613,21.194,20.034,18.428,17.777,13.807,16.842
3828290706.319,7.978,11.281,1.127,5.000,20.134,21.626,21.126,19.964,18.402,17.808,13.892,16.856
3828290707.319,8.881,10.953,1.974,0.000,20.099,21.674,21.127,19.938,18.399,17.799,13.842,16.879
3828290708.319,8.067,10.629,1.627,0.000,20.106,21.678,21.106,19.905,18.366,17.840,13.888,16.879
3828290709.319,7.353,10.938,1.602,0.000,20.108,21.646,21.120,19.947,18.441,17.789,13.921,16.876
3828290710.319,9.145,10.576,2.695,0.000,20.071,21.699,21.118,20.007,18.397,17.819,13.894,16.858
3828290711.319,8.316,10.309,2.133,0.000,20.073,21.672,21.165,19.988,18.407,17.804,13.903,16.877
3828290712.319,7.385,10.961,1.880,0.000,20.099,21.722,21.163,20.036,18.387,17.779,13.878,16.872
3828290713.319,7.722,10.952,0.000,0.000,20.105,21.698,21.177,20.050,18.410,17.781,13.900,16.901
3828290714.319,8.927,10.708,0.659,0.000,20.123,21.684,21.193,20.042,18.419,17.761,13.920,16.893
3828290715.319,7.949,10.495,1.807,0.000,20.100,21.677,21.259,20.014,18.392,17.785,13.904,16.896
3828290716.290,8.041,10.380,1.844,5.000,20.089,21.645,21.274,20.100,18.436,17.784,13.827,16.841
3828290717.290,7.751,10.467,4.814,0.000,20.119,21.646,21.280,20.114,18.439,17.790,13.816,16.856
3828290718.290,7.848,10.609,2.417,0.000,20.069,21.660,21.289,20.086,18.423,17.769,13.808,16.862
3828290719.290,8.454,10.482,2.255,0.000,20.055,21.681,21.269,20.047,18.447,17.804,13.807,16.868
3828290720.290,7.782,10.299,2.093,0.000,20.087,21.704,21.263,20.151,18.453,17.828,13.830,16.872
3828290721.290,9.582,10.641,2.288,0.000,20.048,21.685,21.275,20.186,18.459,17.789,13.857,16.868
3828290722.290,7.973,10.036,0.000,0.000,20.102,21.657,21.286,20.154,18.472,17.797,13.871,16.824
3828290723.290,8.130,10.493,3.261,0.000,20.058,21.685,21.294,20.152,18.467,17.811,13.883,16.858
3828290724.290,9.180,10.817,3.994,0.000,20.067,21.673,21.302,20.115,18.521,17.841,13.867,16.853
3828290725.290,8.785,11.036,1.758,0.000,20.077,21.688,21.296,20.129,18.535,17.855,13.873,16.836
3828290726.265,8.012,10.591,2.085,5.000,20.094,21.703,21.303,20.062,18.372,17.817,13.860,16.883
3828290727.265,7.446,10.811,0.957,0.000,20.098,21.700,21.334,20.169,18.389,17.788,13.854,16.876
3828290728.265,8.322,10.706,2.087,0.000,20.088,21.739,21.359,20.153,18.401,17.784,13.866,16.902
3828290729.265,8.787,10.380,2.265,0.000,20.090,21.729,21.381,20.137,18.435,17.773,13.875,16.875
3828290730.265,7.772,10.854,0.828,0.000,20.062,21.760,21.371,20.196,18.424,17.790,13.867,16.911
3828290731.265,7.868,10.484,0.636,0.000,20.106,21.749,21.386,20.160,18.409,17.792,13.890,16.883
3828290732.265,7.340,10.718,4.664,0.000,20.104,21.783,21.425,20.202,18.429,17.782,13.884,16.919
3828290733.265,8.773,10.757,2.690,0.000,20.080,21.729,21.410,20.151,18.442,17.821,13.861,16.898
3828290734.265,8.881,10.593,1.848,0.000,20.136,21.739,21.436,20.147,18.442,17.815,13.870,16.909
3828290735.265,8.835,10.799,1.868,0.000,20.155,21.720,21.460,20.210,18.443,17.812,13.884,16.915
3828290736.305,9.398,10.452,2.738,5.000,20.040,21.712,21.397,20.232,18.559,17.861,13.860,16.885
3828290737.305,8.033,10.632,2.611,0.000,20.068,21.715,21.398,20.169,18.548,17.846,13.888,16.894
3828290738.305,7.795,10.763,0.895,0.000,20.081,21.699,21.397,20.204,18.550,17.886,13.887,16.885
3828290739.305,8.335,10.807,4.662,0.000,20.060,21.725,21.408,20.230,18.578,17.874,13.884,16.892
3828290740.305,8.621,10.796,1.883,0.000,20.088,21.754,21.463,20.247,18.567,17.858,13.899,16.880
3828290741.305,7.346,8.996,3.112,0.000,20.109,21.739,21.430,20.245,18.565,17.884,13.893,16.896
3828290742.305,5.255,10.901,2.285,0.000,20.070,21.728,21.414,20.341,18.587,17.879,13.858,16.878
3828290743.305,8.119,10.571,1.401,0.000,20.102,21.710,21.485,20.219,18.554,17.865,13.910,16.874
3828290744.305,6.872,11.010,1.805,0.000,20.134,21.720,21.449,20.366,18.561,17.912,13.882,16.889
3828290745.305,8.570,10.479,2.408,0.000,20.142,21.702,21.483,20.292,18.579,17.879,13.890,16.894
3828290746.318,8.317,10.972,2.464,5.000,20.127,21.729,21.541,20.187,18.529,17.893,13.811,16.916
3828290747.318,8.396,9.695,1.827,0.000,20.128,21.763,21.560,20.165,18.490,17.866,13.839,16.963
3828290748.318,8.919,10.907,1.279,0.000,20.164,21.742,21.565,20.158,18.532,17.881,13.867,16.933
3828290749.318,8.619,10.263,3.237,0.000,20.129,21.718,21.566,20.193,18.530,17.886,13.838,16.945
3828290750.318,8.075,11.940,2.173,0.000,20.178,21.742,21.580,20.142,18.515,17.856,13.846,16.987
3828290751.318,7.990,10.562,2.794,0.000,20.166,21.719,21.559,20.162,18.528,17.904,13.870,16.936
3828290752.318,7.761,10.252,0.996,0.000,20.170,21.733,21.639,20.243,18.542,17.855,13.842,16.972
3828290753.318,8.992,11.126,1.086,0.000,20.179,21.739,21.587,20.226,18.537,17.926,13.866,16.952
3828290754.318,9.509,11.056,2.011,0.000,20.165,21.732,21.617,20.263,18.518,17.911,13.851,16.950
3828290755.318,4.526,11.052,2.712,0.000,20.174,21.776,21.591,20.180,18.551,17.931,13.865,16.974
3828290756.321,7.768,10.845,4.097,5.000,20.238,21.805,21.583,20.236,18.505,17.891,13.902,17.043
3828290757.321,14.767,10.722,2.097,0.000,20.225,21.776,21.584,20.241,18.476,17.911,13.924,17.045
3828290758.321,8.130,10.771,1.297,0.000,20.230,21.790,21.595,20.254,18.503,17.900,13.904,17.019
3828290759.321,8.863,11.122,1.393,0.000,20.219,21.787,21.594,20.240,18.469,17.904,13.888,17.041
3828290760.321,8.140,11.071,1.704,0.000,20.257,21.804,21.617,20.324,18.483,17.947,13.874,17.055
3828290761.321,8.984,11.015,2.400,0.000,20.243,21.826,21.630,20.319,18.489,17.930,13.875,17.050
3828290762.321,7.944,10.289,3.094,0.000,20.248,21.800,21.654,20.328,18.487,17.903,13.887,17.045
3828290763.321,9.909,11.194,1.365,0.000,20.263,21.775,21.654,20.339,18.469,17.931,13.900,17.050
3828290764.321,8.611,10.318,2.966,0.000,20.271,21.848,21.632,20.305,18.503,17.971,13.882,17.066
3828290765.321,9.383,10.926,2.211,0.000,20.236,21.841,21.680,20.330,18.497,17.943,13.881,17.040
3828290766.258,8.344,10.778,1.354,5.000,20.217,21.778,21.648,20.351,18.633,17.990,13.913,17.029
3828290767.258,8.876,10.732,2.089,0.000,20.233,21.769,21.634,20.401,18.650,17.990,13.902,17.001
3828290768.258,7.890,10.697,0.020,0.000,20.232,21.824,21.626,20.397,18.641,17.986,13.875,17.035
3828290769.258,9.554,10.000,1.743,0.000,20.197,21.819,21.655,20.426,18.651,18.023,13.900,17.030
3828290770.258,7.694,10.214,1.634,0.000,20.213,21.804,21.668,20.361,18.656,18.007,13.902,17.065
3828290771.258,10.072,10.442,2.418,0.000,20.244,21.834,21.675,20.357,18.657,18.018,13.892,17.054
3828290772.258,13.979,10.776,3.265,0.000,20.225,21.825,21.632,20.480,18.661,18.045,13.886,17.049
3828290773.258,8.886,11.395,1.812,0.000,20.232,21.776,21.664,20.370,18.670,18.004,13.887,17.050
3828290774.258,7.943,10.562,3.030,0.000,20.247,21.765,21.645,20.405,18.672,18.022,13.887,17.057
3828290775.258,8.522,11.310,2.464,0.000,20.238,21.770,21.673,20.503,18.724,18.028,13.867,17.050
3828290776.198,8.128,10.481,0.639,5.000,20.254,21.850,21.713,20.378,18.753,17.988,13.891,17.044
3828290777.198,8.141,10.864,1.485,0.000,20.268,21.824,21.636,20.383,18.752,18.012,13.882,17.001
3828290778.198,8.920,10.576,2.076,0.000,20.241,21.787,21.700,20.420,18.731,18.011,13.887,16.990
3828290779.198,8.372,10.793,2.132,0.000,20.260,21.841,21.679,20.379,18.742,18.013,13.920,16.952
3828290780.198,8.650,10.652,3.082,0.000,20.206,21.833,21.674,20.338,18.773,18.000,13.888,17.027
3828290781.198,8.595,10.645,2.282,0.000,20.174,21.837,21.674,20.424,18.754,18.000,13.892,16.997
3828290782.198,5.674,10.754,2.634,0.000,20.207,21.913,21.701,20.385,18.736,17.998,13.888,17.012
3828290783.198,7.872,10.917,1.590,0.000,20.245,21.878,21.675,20.418,18.690,18.002,13.864,17.039
3828290784.198,7.783,10.720,2.703,0.000,20.258,21.897,21.702,20.381,18.739,18.032,13.869,17.052
3828290785.198,9.037,10.494,2.132,0.000,20.236,21.847,21.688,20.442,18.714,18.031,13.805,17.037
3828290786.132,8.446,12.019,2.701,5.000,20.284,21.911,21.749,20.488,18.651,17.972,13.856,17.099
3828290787.132,8.637,10.581,1.956,0.000,20.271,21.905,21.759,20.517,18.664,17.965,13.871,17.053
3828290788.132,7.785,10.990,1.085,0.000,20.291,21.843,21.798,20.457,18.661,17.999,13.860,17.073
3828290789.132,7.812,10.608,0.493,0.000,20.281,21.892,21.775,20.582,18.644,18.014,13.870,17.099
3828290790.132,8.494,10.889,1.989,0.000,20.276,21.950,21.766,20.512,18.647,17.983,13.860,17.082
3828290791.132,8.030,10.514,2.072,0.000,20.312,21.993,21.753,20.501,18.628,18.003,13.883,17.095
3828290792.132,11.273,11.017,1.394,0.000,20.295,21.947,21.756,20.519,18.628,18.034,13.867,17.076
3828290793.132,7.931,10.475,2.277,0.000,20.314,21.912,21.788,20.551,18.598,18.005,13.890,17.141
3828290794.132,9.399,9.210,1.910,0.000,20.308,21.932,21.785,20.478,18.620,18.042,13.873,17.167
3828290795.132,7.760,11.830,0.710,0.000,20.351,21.929,21.737,20.535,18.631,18.048,13.872,17.163
3828290796.101,7.710,8.672,3.774,5.000,20.288,21.889,21.782,20.509,18.784,18.070,13.851,17.008
3828290797.101,8.309,10.666,1.805,0.000,20.267,21.918,21.812,20.502,18.773,18.045,13.860,17.056
3828290798.101,9.435,12.488,1.804,0.000,20.262,21.914,21.782,20.508,18.815,18.093,13.895,17.061
3828290799.101,7.745,10.898,1.465,0.000,20.323,21.918,21.799,20.599,18.777,18.059,13.849,17.056
3828290800.101,9.532,10.666,3.297,0.000,20.291,21.963,21.795,20.624,18.750,18.074,13.827,17.108
3828290801.101,8.045,10.794,5.307,0.000,20.297,21.950,21.787,20.514,18.803,18.087,13.802,17.087
3828290802.101,9.236,11.049,2.731,0.000,20.328,21.929,21.832,20.552,18.755,18.037,13.821,17.107
3828290803.101,3.982,10.882,1.686,0.000,20.351,21.945,21.837,20.560,18.747,18.094,13.849,17.094
3828290804.101,8.370,8.744,1.895,0.000,20.318,21.903,21.847,20.580,18.743,18.092,13.810,17.114
3828290805.101,8.601,10.534,1.866,0.000,20.367,21.929,21.853,20.538,18.750,18.084,13.848,17.104
3828290806.059,9.943,10.691,3.053,5.000,20.325,21.912,21.803,20.483,18.842,18.117,13.870,17.031
3828290807.059,8.952,11.113,1.821,0.000,20.313,21.966,21.819,20.485,18.834,18.079,13.868,17.101
3828290808.059,8.534,11.245,1.780,0.000,20.310,21.958,21.792,20.486,18.836,18.100,13.864,17.078
3828290809.059,7.912,11.038,1.573,0.000,20.342,21.982,21.799,20.572,18.801,18.100,13.863,17.080
3828290810.059,7.832,10.553,3.227,0.000,20.358,22.031,21.809,20.599,18.819,18.095,13.807,17.085
3828290811.059,9.511,10.452,2.501,0.000,20.348,22.004,21.830,20.547,18.800,18.092,13.833,17.128
3828290812.059,6.768,11.428,2.154,0.000,20.315,21.989,21.866,20.536,18.782,18.083,13.782,17.124
3828290813.059,8.143,10.543,0.037,0.000,20.359,21.981,21.826,20.572,18.806,18.118,13.808,17.100
3828290814.059,5.478,10.652,5.500,0.000,20.391,21.964,21.869,20.574,18.807,18.125,13.804,17.115
3828290815.059,8.224,10.566,0.349,0.000,20.383,21.967,21.852,20.598,18.804,18.122,13.851,17.139
3828290816.055,5.309,11.145,0.830,5.000,20.363,21.965,21.832,20.655,18.850,18.128,13.812,17.109
3828290817.055,8.945,11.016,0.632,0.000,20.316,22.007,21.862,20.602,18.822,18.122,13.776,17.168
3828290818.055,8.288,10.488,3.376,0.000,20.382,21.984,21.881,20.595,18.845,18.120,13.804,17.134
3828290819.055,8.228,10.730,2.815,0.000,20.382,21.968,21.900,20.627,18.798,18.092,13.789,17.148
3828290820.055,8.914,10.600,5.466,0.000,20.401,21.984,21.903,20.627,18.821,18.138,13.844,17.169
3828290821.055,8.337,12.158,4.858,0.000,20.381,21.954,21.919,20.583,18.811,18.102,13.799,17.140
3828290822.055,8.156,10.418,2.886,0.000,20.393,22.027,21.954,20.560,18.800,18.109,13.810,17.162
3828290823.055,6.635,11.434,2.634,0.000,20.406,22.018,21.986,20.587,18.831,18.103,13.844,17.108
3828290824.055,7.819,9.837,2.661,0.000,20.431,22.046,21.952,20.589,18.787,18.083,13.835,17.170
3828290825.055,8.216,11.150,2.007,0.000,20.392,22.030,21.933,20.584,18.811,18.053,13.813,17.126
3828290826.062,9.804,11.436,1.596,5.000,20.408,22.051,21.938,20.618,18.785,18.070,13.851,17.179
3828290827.062,7.836,10.188,3.749,0.000,20.395,22.044,21.970,20.636,18.796,18.064,13.820,17.149
3828290828.062,8.331,10.368,2.432,0.000,20.432,22.061,21.958,20.620,18.755,18.098,13.844,17.174
3828290829.062,8.209,10.777,2.068,0.000,20.430,22.053,21.998,20.638,18.789,18.112,13.817,17.176
3828290830.062,8.304,10.459,3.460,0.000,20.428,22.099,21.932,20.641,18.813,18.099,13.826,17.164
3828290831.062,7.687,11.017,1.901,0.000,20.426,22.150,21.928,20.634,18.795,18.115,13.824,17.184
3828290832.062,7.811,11.044,0.812,0.000,20.422,22.150,21.947,20.646,18.778,18.123,13.837,17.183
3828290833.062,7.880,10.632,1.100,0.000,20.418,22.110,21.925,20.603,18.758,18.175,13.804,17.175
3828290834.062,8.799,10.259,2.520,0.000,20.471,22.121,21.929,20.642,18.743,18.144,13.844,17.230
3828290835.062,8.251,10.503,1.759,0.000,20.465,22.168,21.964,20.617,18.760,18.131,13.856,17.266
3828290836.042,9.000,11.091,2.271,5.000,20.481,22.070,21.932,20.626,18.819,18.186,13.882,17.198
3828290837.042,8.904,10.666,2.392,0.000,20.502,22.136,21.874,20.659,18.854,18.190,13.888,17.200
3828290838.042,7.896,10.511,2.818,0.000,20.475,22.119,21.934,20.677,18.856,18.200,13.831,17.235
3828290839.042,8.647,10.840,1.913,0.000,20.465,22.166,21.966,20.608,18.865,18.255,13.836,17.229
3828290840.042,8.476,8.248,1.866,0.000,20.499,22.180,21.947,20.668,18.869,18.238,13.852,17.204
3828290841.042,8.675,10.787,1.191,0.000,20.482,22.165,21.920,20.686,18.906,18.204,13.877,17.216
3828290842.042,8.159,10.927,2.454,0.000,20.464,22.099,21.941,20.632,18.890,18.207,13.850,17.229
3828290843.042,8.895,10.805,2.663,0.000,20.493,22.113,21.965,20.691,18.901,18.215,13.842,17.212
3828290844.042,8.219,10.635,0.918,0.000,20.477,22.058,21.975,20.631,18.913,18.219,13.833,17.203
3828290845.042,8.376,10.693,2.381,0.000,20.493,22.025,21.956,20.641,18.916,18.222,13.834,17.228
3828290845.991,7.726,10.941,1.680,5.000,20.460,22.157,21.973,20.636,18.827,18.176,13.823,17.206
3828290846.991,6.472,11.082,1.679,0.000,20.502,22.177,21.998,20.634,18.783,18.165,13.822,17.208
3828290847.991,8.838,10.379,3.101,0.000,20.520,22.192,21.965,20.676,18.792,18.178,13.828,17.241
3828290848.991,9.020,10.856,2.661,0.000,20.514,22.158,22.022,20.680,18.760,18.174,13.848,17.235
3828290849.991,7.857,10.583,2.751,0.000,20.506,22.184,21.999,20.620,18.758,18.175,13.807,17.274
3828290850.991,8.008,10.567,0.730,0.000,20.494,22.221,22.016,20.666,18.789,18.202,13.814,17.286
3828290851.991,7.959,10.530,2.789,0.000,20.502,22.228,22.013,20.640,18.825,18.201,13.825,17.302
3828290852.991,7.799,10.569,1.777,0.000,20.514,22.205,22.028,20.609,18.800,18.193,13.868,17.348
3828290853.991,8.319,10.664,2.036,0.000,20.552,22.186,22.033,20.568,18.830,18.176,13.805,17.338
3828290854.991,8.168,11.373,2.249,0.000,20.574,22.204,22.045,20.575,18.792,18.188,13.845,17.292
3828290856.051,8.885,10.924,2.679,5.000,20.564,22.116,22.018,20.697,18.935,18.272,13.834,17.264
3828290857.051,10.206,10.633,2.071,0.000,20.545,22.078,22.048,20.727,18.952,18.257,13.841,17.215
3828290858.051,9.676,10.963,1.909,0.000,20.571,22.116,22.031,20.725,18.977,18.250,13.862,17.254
3828290859.051,8.201,10.928,1.251,0.000,20.576,22.123,22.036,20.711,18.970,18.247,13.821,17.254
3828290860.051,8.258,11.237,2.581,0.000,20.557,22.116,22.050,20.755,19.028,18.229,13.815,17.242
3828290861.051,8.707,10.393,1.119,0.000,20.588,22.130,22.046,20.624,18.995,18.213,13.841,17.250
3828290862.051,8.215,10.680,1.508,0.000,20.554,22.161,22.058,20.719,19.031,18.212,13.799,17.241
3828290863.051,8.903,10.563,2.301,0.000,20.567,22.218,22.036,20.751,19.037,18.248,13.814,17.219
3828290864.051,8.378,10.489,2.440,0.000,20.546,22.156,22.076,20.785,19.044,18.200,13.822,17.182
3828290865.051,8.709,10.845,2.113,0.000,20.587,22.154,22.047,20.730,19.016,18.249,13.853,17.196
3828290866.103,8.000,10.952,1.388,5.000,20.540,22.206,22.060,20.831,18.964,18.238,13.776,17.238
3828290867.103,8.548,10.484,2.906,0.000,20.571,22.237,22.098,20.839,18.945,18.246,13.770,17.260
3828290868.103,8.578,7.690,1.897,0.000,20.566,22.210,22.101,20.854,18.978,18.238,13.807,17.230
3828290869.103,7.987,10.054,1.262,0.000,20.554,22.199,22.096,20.809,18.968,18.253,13.771,17.259
3828290870.103,7.258,11.764,2.517,0.000,20.601,22.264,22.115,20.707,18.944,18.267,13.814,17.281
3828290871.103,8.696,9.827,2.476,0.000,20.614,22.255,22.185,20.749,18.939,18.219,13.784,17.240
3828290872.103,8.753,10.933,2.240,0.000,20.590,22.247,22.183,20.669,18.937,18.222,13.788,17.261
3828290873.103,7.477,10.929,1.999,0.000,20.580,22.248,22.208,20.757,18.940,18.209,13.794,17.222
3828290874.103,10.380,9.738,1.868,0.000,20.623,22.277,22.186,20.692,18.959,18.226,13.826,17.252
3828290875.103,9.166,12.442,3.748,0.000,20.623,22.243,22.175,20.618,18.945,18.205,13.816,17.249
3828290876.061,8.058,11.207,1.247,5.000,20.561,22.253,22.157,20.819,19.061,18.237,13.810,17.222
3828290877.061,8.021,10.417,2.819,0.000,20.517,22.197,22.123,20.789,19.050,18.262,13.801,17.234
3828290878.061,7.983,9.544,1.494,0.000,20.508,22.215,22.146,20.825,19.072,18.256,13.819,17.211
3828290879.061,8.877,10.909,2.184,0.000,20.600,22.244,22.140,20.803,19.042,18.266,13.837,17.218
3828290880.061,9.582,10.746,1.937,0.000,20.578,22.256,22.146,20.883,19.026,18.291,13.866,17.215
3828290881.061,7.814,10.863,1.393,0.000,20.611,22.268,22.138,20.855,19.027,18.275,13.829,17.239
3828290882.061,8.185,10.532,2.348,0.000,20.602,22.227,22.133,20.910,19.017,18.239,13.786,17.249
3828290883.061,7.841,10.289,3.096,0.000,20.615,22.172,22.151,20.910,19.027,18.295,13.770,17.261
3828290884.061,7.753,10.796,4.280,0.000,20.623,22.197,22.125,20.904,19.030,18.275,13.813,17.252
3828290885.061,8.797,10.562,3.175,0.000,20.620,22.264,22.156,20.856,19.030,18.287,13.815,17.263
3828290886.091,6.813,10.400,2.210,5.000,20.670,22.248,22.150,20.893,19.079,18.279,13.863,17.292
3828290887.091,7.814,10.774,4.838,0.000,20.647,22.266,22.175,20.851,19.104,18.265,13.818,17.271
3828290888.091,7.356,10.922,1.573,0.000,20.658,22.261,22.170,20.962,19.082,18.297,13.824,17.232
3828290889.091,8.429,11.103,2.804,0.000,20.643,22.239,22.192,20.876,19.133,18.295,13.831,17.221
3828290890.091,8.192,10.449,2.665,0.000,20.682,22.252,22.192,20.896,19.102,18.301,13.834,17.227
3828290891.091,5.908,11.395,1.734,0.000,20.694,22.251,22.179,20.920,19.089,18.306,13.834,17.220
3828290892.091,8.950,10.753,2.101,0.000,20.674,22.276,22.211,20.939,19.068,18.301,13.854,17.203
3828290893.091,7.238,10.662,2.121,0.000,20.669,22.272,22.198,20.959,19.064,18.330,13.841,17.255
3828290894.091,8.420,10.678,2.721,0.000,20.665,22.263,22.228,21.016,19.054,18.287,13.809,17.241
3828290895.091,8.795,10.328,2.008,0.000,20.666,22.265,22.239,20.892,19.085,18.292,13.818,17.251
3828290896.083,8.245,8.948,1.909,5.000,20.644,22.296,22.225,20.913,19.094,18.292,13.826,17.278
3828290897.083,8.225,10.560,1.874,0.000,20.641,22.284,22.223,20.903,19.087,18.320,13.823,17.282
3828290898.083,8.116,10.783,0.648,0.000,20.676,22.324,22.214,20.909,19.073,18.346,13.858,17.238
3828290899.083,9.513,11.037,2.668,0.000,20.680,22.396,22.240,20.959,19.053,18.326,13.831,17.295
3828290900.083,9.075,11.302,4.350,0.000,20.680,22.383,22.245,20.931,19.057,18.307,13.820,17.257
3828290901.083,7.954,10.510,2.306,0.000,20.703,22.386,22.242,20.964,19.091,18.317,13.837,17.238
3828290902.083,8.474,10.611,3.299,0.000,20.676,22.406,22.284,20.946,19.098,18.329,13.797,17.279
3828290903.083,7.839,10.680,2.366,0.000,20.679,22.378,22.295,20.957,19.089,18.299,13.794,17.280
3828290904.083,7.870,10.891,1.445,0.000,20.692,22.357,22.264,21.015,19.100,18.330,13.795,17.290
3828290905.083,8.012,9.102,0.000,0.000,20.695,22.353,22.274,20.924,19.099,18.313,13.767,17.288
3828290906.143,8.727,11.770,2.616,5.000,20.705,22.412,22.291,20.934,18.981,18.291,13.870,17.313
3828290907.143,7.940,11.550,2.013,0.000,20.720,22.431,22.276,20.849,18.995,18.295,13.847,17.342
3828290908.143,8.798,10.765,2.490,0.000,20.739,22.404,22.287,20.881,18.971,18.331,13.840,17.309
3828290909.143,7.243,10.974,1.721,0.000,20.690,22.367,22.306,20.905,18.972,18.333,13.853,17.339
3828290910.143,9.073,11.353,1.208,0.000,20.736,22.372,22.310,20.909,18.980,18.314,13.846,17.326
3828290911.143,9.119,11.065,2.218,0.000,20.701,22.380,22.310,20.859,18.976,18.320,13.845,17.323
3828290912.143,7.787,10.706,0.614,0.000,20.710,22.393,22.316,20.945,18.979,18.319,13.843,17.349
3828290913.143,8.625,10.587,1.948,0.000,20.717,22.376,22.327,20.927,18.954,18.347,13.829,17.337
3828290914.143,9.787,10.838,2.290,0.000,20.717,22.433,22.294,20.917,18.981,18.349,13.843,17.376
3828290915.143,8.115,10.285,0.000,0.000,20.768,22.400,22.321,20.901,18.957,18.337,13.823,17.378
3828290916.125,8.723,10.805,3.028,5.000,20.774,22.401,22.348,20.880,18.997,18.361,13.867,17.435
3828290917.125,9.022,11.051,4.512,0.000,20.770,22.355,22.300,20.774,18.983,18.337,13.820,17.441
3828290918.125,7.421,11.080,1.673,0.000,20.777,22.381,22.302,20.867,19.010,18.353,13.845,17.449
3828290919.125,9.840,10.675,3.504,0.000,20.758,22.383,22.321,20.877,19.003,18.342,13.854,17.476
3828290920.125,8.434,10.832,2.189,0.000,20.771,22.369,22.306,20.832,18.990,18.337,13.843,17.479
3828290921.125,8.034,10.333,2.521,0.000,20.772,22.386,22.328,20.868,19.015,18.377,13.855,17.444
3828290922.125,8.613,12.483,2.788,0.000,20.789,22.429,22.320,20.882,19.016,18.364,13.879,17.435
3828290923.125,7.969,10.624,3.227,0.000,20.776,22.464,22.349,20.813,19.013,18.360,13.859,17.407
3828290924.125,8.857,10.933,2.929,0.000,20.768,22.470,22.322,20.906,18.983,18.394,13.853,17.409
3828290925.125,10.019,10.795,2.352,0.000,20.801,22.459,22.319,20.879,19.011,18.387,13.848,17.420
3828290926.163,8.091,10.952,2.557,5.000,20.844,22.389,22.339,20.918,19.087,18.426,13.857,17.383
3828290927.163,5.018,10.189,2.626,0.000,20.866,22.352,22.308,20.920,19.126,18.376,13.888,17.369
3828290928.163,8.747,10.814,2.471,0.000,20.861,22.354,22.318,20.944,19.131,18.401,13.884,17.414
3828290929.163,8.987,10.825,1.943,0.000,20.847,22.382,22.319,20.940,19.155,18.419,13.884,17.384
3828290930.163,8.287,10.995,1.621,0.000,20.862,22.387,22.297,20.926,19.142,18.455,13.870,17.388
3828290931.163,9.047,11.037,1.838,0.000,20.847,22.397,22.301,21.001,19.156,18.416,13.871,17.376
3828290932.163,8.642,10.391,1.978,0.000,20.856,22.408,22.300,20.974,19.171,18.407,13.830,17.391
3828290933.163,8.336,10.421,0.116,0.000,20.856,22.408,22.305,20.963,19.158,18.435,13.866,17.419
3828290934.163,8.133,10.629,1.931,0.000,20.850,22.444,22.285,20.962,19.158,18.440,13.856,17.410
3828290935.163,8.267,10.763,1.591,0.000,20.863,22.427,22.284,20.988,19.159,18.447,13.848,17.403
3828290936.204,7.893,10.447,2.652,5.000,20.893,22.450,22.382,20.893,19.061,18.377,13.889,17.483
3828290937.204,8.327,11.291,0.263,0.000,20.921,22.522,22.358,20.896,19.063,18.413,13.906,17.469
3828290938.204,7.467,10.604,1.733,0.000,20.904,22.530,22.404,21.008,19.073,18.407,13.893,17.460
3828290939.204,10.051,11.397,0.141,0.000,20.899,22.511,22.400,20.958,19.067,18.413,13.895,17.462
3828290940.204,7.604,11.131,1.692,0.000,20.922,22.475,22.417,20.966,19.087,18.402,13.879,17.454
3828290941.204,8.312,9.651,2.015,0.000,20.909,22.483,22.438,21.033,19.091,18.393,13.873,17.444
3828290942.204,8.659,10.414,3.197,0.000,20.904,22.481,22.457,21.024,19.112,18.429,13.877,17.457
3828290943.204,8.909,10.660,3.239,0.000,20.896,22.517,22.459,21.056,19.096,18.413,13.859,17.455
3828290944.204,10.057,11.311,3.413,0.000,20.898,22.507,22.462,21.075,19.120,18.442,13.882,17.463
3828290945.204,8.945,10.816,2.210,0.000,20.885,22.526,22.483,21.088,19.107,18.430,13.863,17.470
3828290946.193,8.248,11.127,0.619,5.000,20.855,22.520,22.458,21.069,19.175,18.411,13.798,17.422
3828290947.193,7.590,10.191,3.819,0.000,20.885,22.510,22.471,21.027,19.193,18.419,13.814,17.392
3828290948.193,8.336,10.634,2.739,0.000,20.847,22.480,22.419,21.083,19.191,18.436,13.807,17.370
3828290949.193,8.159,10.837,0.000,0.000,20.869,22.471,22.483,21.090,19.183,18.439,13.775,17.424
3828290950.193,7.698,10.723,5.475,0.000,20.908,22.467,22.464,21.089,19.167,18.435,13.823,17.411
3828290951.193,8.183,10.907,1.328,0.000,20.875,22.507,22.452,21.101,19.218,18.464,13.816,17.417
3828290952.193,8.882,10.740,1.811,0.000,20.860,22.520,22.425,21.140,19.222,18.453,13.790,17.416
3828290953.193,9.403,10.562,2.437,0.000,20.872,22.494,22.501,21.118,19.223,18.419,13.785,17.395
3828290954.193,7.670,10.952,1.787,0.000,20.892,22.502,22.459,21.194,19.201,18.442,13.796,17.432
3828290955.193,8.195,10.826,3.523,0.000,20.890,22.526,22.474,21.129,19.195,18.442,13.825,17.419
3828290956.242,7.641,10.717,3.066,5.000,20.889,22.565,22.529,21.011,19.144,18.377,13.896,17.439
3828290957.242,8.089,10.558,0.000,0.000,20.893,22.575,22.525,20.969,19.134,18.408,13.883,17.445
3828290958.242,8.099,9.781,0.871,0.000,20.898,22.556,22.552,21.001,19.139,18.413,13.879,17.418
3828290959.242,8.111,10.021,0.000,0.000,20.895,22.563,22.508,20.983,19.152,18.442,13.871,17.436
3828290960.242,8.337,10.508,0.000,0.000,20.916,22.555,22.535,21.019,19.175,18.453,13.889,17.442
3828290961.242,8.307,10.212,0.000,0.000,20.902,22.568,22.516,21.019,19.181,18.460,13.850,17.442
3828290962.242,9.349,10.736,2.667,0.000,20.917,22.539,22.513,21.064,19.183,18.452,13.890,17.413
3828290963.242,7.783,10.494,2.273,0.000,20.900,22.552,22.532,20.980,19.177,18.421,13.864,17.447
3828290964.242,9.840,10.635,1.774,0.000,20.938,22.560,22.517,21.071,19.155,18.433,13.883,17.471
3828290965.242,9.123,10.609,2.411,0.000,20.954,22.584,22.525,21.024,19.148,18.435,13.902,17.456
3828290966.188,8.615,11.000,1.819,5.000,20.911,22.569,22.506,21.111,19.269,18.500,13.832,17.434
3828290967.188,7.702,10.687,4.242,0.000,20.901,22.578,22.520,21.110,19.263,18.482,13.804,17.469
3828290968.188,7.767,10.741,1.183,0.000,20.943,22.512,22.506,21.022,19.236,18.483,13.828,17.478
3828290969.188,8.743,10.849,1.507,0.000,20.952,22.559,22.479,21.116,19.233,18.510,13.820,17.465
3828290970.188,10.943,11.467,2.379,0.000,20.979,22.540,22.484,21.035,19.262,18.506,13.824,17.457
3828290971.188,9.077,10.907,1.862,0.000,20.966,22.548,22.499,21.075,19.244,18.495,13.811,17.460
3828290972.188,7.702,10.802,1.087,0.000,21.005,22.622,22.536,21.115,19.259,18.489,13.808,17.472
3828290973.188,8.614,12.207,2.901,0.000,20.976,22.601,22.510,21.103,19.230,18.495,13.843,17.500
3828290974.188,9.140,10.957,1.919,0.000,20.999,22.624,22.545,21.082,19.240,18.498,13.900,17.487
3828290975.188,8.816,10.879,1.207,0.000,20.982,22.642,22.514,21.162,19.239,18.507,13.873,17.447
3828290976.186,9.876,11.204,2.155,5.000,20.977,22.654,22.581,21.214,19.240,18.495,13.892,17.461
3828290977.186,7.927,10.397,2.643,0.000,21.005,22.670,22.584,21.199,19.237,18.509,13.900,17.499
3828290978.186,8.638,10.745,2.541,0.000,20.973,22.645,22.550,21.218,19.260,18.524,13.891,17.499
3828290979.186,8.799,10.769,2.490,0.000,20.998,22.623,22.597,21.178,19.260,18.502,13.848,17.475
3828290980.186,9.058,12.200,3.517,0.000,20.999,22.599,22.596,21.125,19.253,18.521,13.882,17.487
3828290981.186,7.715,10.464,4.319,0.000,20.991,22.598,22.593,21.151,19.264,18.525,13.882,17.465
3828290982.186,8.398,11.068,1.683,0.000,21.020,22.619,22.634,21.204,19.248,18.504,13.857,17.507
3828290983.186,7.879,10.563,2.591,0.000,21.008,22.565,22.640,21.139,19.256,18.492,13.868,17.495
3828290984.186,8.377,10.323,3.117,0.000,21.009,22.647,22.611,21.180,19.256,18.506,13.864,17.492
3828290985.186,7.926,10.973,2.255,0.000,21.003,22.642,22.683,21.180,19.246,18.470,13.868,17.525
3828290986.218,8.687,11.045,1.660,3.182,21.010,22.664,22.605,21.127,19.231,18.518,13.964,17.534
3828290987.218,7.770,11.097,2.388,0.000,21.051,22.656,22.572,21.204,19.223,18.566,13.966,17.522
3828290988.218,8.139,10.837,1.733,0.000,21.049,22.656,22.580,21.193,19.243,18.530,13.946,17.497
3828290989.218,8.733,10.621,2.470,0.000,21.029,22.651,22.595,21.189,19.276,18.501,13.947,17.520
3828290990.218,8.902,10.857,2.930,0.000,21.054,22.687,22.599,21.158,19.255,18.515,13.950,17.537
3828290991.218,9.498,11.357,1.475,0.000,21.078,22.681,22.595,21.204,19.225,18.526,13.938,17.555
3828290992.218,8.076,10.666,2.442,0.000,21.090,22.661,22.592,21.197,19.239,18.522,13.963,17.532
3828290993.218,8.168,10.801,0.000,0.000,21.060,22.635,22.570,21.113,19.259,18.524,13.967,17.509
3828290994.218,9.105,10.184,3.440,0.000,21.031,22.629,22.602,21.198,19.260,18.529,13.969,17.584
3828290995.218,8.940,10.965,1.683,0.000,21.064,22.556,22.593,21.243,19.277,18.553,13.961,17.548
3828290996.225,6.754,11.133,2.784,3.182,21.080,22.530,22.588,21.252,19.313,18.640,13.931,17.585
3828290997.225,8.801,11.010,2.693,0.000,21.047,22.455,22.575,21.206,19.317,18.637,13.944,17.541
3828290998.225,8.117,11.339,5.326,0.000,21.073,22.372,22.575,21.233,19.327,18.632,13.937,17.539
3828290999.225,8.554,10.695,2.490,0.000,21.089,22.377,22.588,21.222,19.330,18.633,13.956,17.569
3828291000.225,8.328,9.438,0.000,0.000,21.061,22.302,22.534,21.217,19.336,18.639,13.962,17.545
3828291001.225,8.940,10.832,1.978,0.000,21.090,22.232,22.595,21.243,19.321,18.595,13.941,17.564
3828291002.225,9.554,10.579,1.813,0.000,21.117,22.180,22.557,21.187,19.334,18.585,13.995,17.583
3828291003.225,8.124,10.800,1.748,0.000,21.092,22.134,22.527,21.203,19.311,18.577,13.970,17.577
3828291004.225,8.164,10.627,2.446,0.000,21.081,22.148,22.584,21.160,19.297,18.584,13.950,17.606
3828291005.225,8.882,10.465,2.420,0.000,21.110,22.070,22.575,21.240,19.327,18.599,13.969,17.576
3828291006.178,9.154,11.077,2.584,3.182,21.009,22.000,22.652,21.277,19.401,18.558,13.903,17.523
3828291007.178,8.590,10.896,1.801,0.000,20.987,22.043,22.659,21.258,19.397,18.547,13.940,17.570
3828291008.178,10.251,11.047,3.404,0.000,21.065,21.987,22.665,21.246,19.412,18.562,13.975,17.538
3828291009.178,9.905,10.668,3.669,0.000,21.033,21.943,22.639,21.273,19.445,18.597,13.953,17.492
3828291010.178,7.753,10.641,0.524,0.000,21.044,21.907,22.658,21.267,19.408,18.596,13.961,17.516
3828291011.178,7.979,9.962,3.037,0.000,21.098,21.888,22.694,21.234,19.402,18.571,13.951,17.480
3828291012.178,8.214,10.886,0.000,0.000,21.115,21.862,22.703,21.209,19.402,18.591,13.962,17.473
3828291013.178,8.882,10.466,2.566,0.000,21.104,21.849,22.671,21.246,19.416,18.605,13.951,17.487
3828291014.178,9.252,10.811,2.162,0.000,21.121,21.866,22.709,21.264,19.421,18.581,13.948,17.539
3828291015.178,8.846,10.961,1.654,0.000,21.125,21.856,22.668,21.214,19.457,18.636,13.979,17.539
3828291016.150,7.874,10.574,2.493,3.182,21.133,21.829,22.718,21.274,19.474,18.583,13.969,17.519
3828291017.150,7.828,10.742,2.555,0.000,21.146,21.829,22.700,21.209,19.464,18.589,13.960,17.567
3828291018.150,14.780,10.721,2.095,0.000,21.111,21.852,22.687,21.264,19.481,18.605,13.950,17.564
3828291019.150,8.091,10.571,0.000,0.000,21.126,21.841,22.702,21.272,19.434,18.601,13.961,17.617
3828291020.150,7.794,10.430,0.375,0.000,21.169,21.819,22.704,21.284,19.427,18.636,13.978,17.609
3828291021.150,8.834,11.266,1.958,0.000,21.149,21.779,22.703,21.293,19.445,18.626,13.980,17.585
3828291022.150,8.239,10.280,3.159,0.000,21.171,21.757,22.732,21.285,19.432,18.655,13.962,17.596
3828291023.150,8.382,10.362,3.434,0.000,21.148,21.783,22.696,21.295,19.395,18.658,13.989,17.637
3828291024.150,9.973,10.738,2.354,0.000,21.181,21.789,22.700,21.289,19.430,18.661,13.987,17.585
3828291025.150,8.874,10.869,2.441,0.000,21.141,21.805,22.738,21.373,19.416,18.640,13.951,17.599
3828291026.166,7.789,10.224,4.098,3.182,21.142,21.786,22.698,21.274,19.436,18.637,13.970,17.601
3828291027.166,8.097,10.579,3.111,0.000,21.137,21.836,22.697,21.335,19.433,18.665,13.966,17.624
3828291028.166,8.899,10.596,2.459,0.000,21.192,21.807,22.715,21.262,19.435,18.699,13.983,17.623
3828291029.166,8.235,10.667,2.575,0.000,21.183,21.804,22.695,21.214,19.439,18.672,13.999,17.628
3828291030.166,8.054,10.972,2.214,0.000,21.162,21.852,22.711,21.338,19.405,18.647,13.959,17.644
3828291031.166,8.292,10.425,0.697,0.000,21.161,21.846,22.682,21.206,19.423,18.660,14.007,17.638
3828291032.166,7.700,10.838,1.207,0.000,21.194,21.823,22.686,21.228,19.433,18.666,13.974,17.615
3828291033.166,9.849,11.853,1.397,0.000,21.163,21.864,22.688,21.352,19.444,18.663,13.963,17.645
3828291034.166,7.899,10.873,0.000,0.000,21.156,21.885,22.679,21.288,19.405,18.680,13.986,17.665
3828291035.166,8.719,11.028,1.766,0.000,21.215,21.868,22.690,21.220,19.441,18.686,13.999,17.657
